0.017786684490250212,0.9784436359437897,0.04542100361903417
0.015010977902967433,0.9849484523375241,0.04881817207342725
0.010805442622376671,0.9788614900420524,0.04683266421366829
0.015914448410015155,0.9888287057779241,0.09921691868005526
-0.006010035738132889,0.9848490241675676,0.08845334783832846
-0.009185508036497435,0.9849579539536425,0.08078516278043624
-0.00027872799357508857,0.993792438485523,0.0817114890903422
-0.005383736124103373,0.9921233185179656,0.07548783148578389
0.06927650807770262,-0.8530661847506409,0.06483320384786907
0.06585451359083458,-0.8499344603285355,0.054983697866204065
0.06955101386597753,-0.8455753019365643,0.06062020622141833
-0.025173471375067313,-0.8222076496937945,0.038004880332691414
-0.027198950977885376,-0.8128729386818171,0.036240781246339435
-0.02547596076311838,-0.817262444368435,0.029394458175843463
0.02795139397071344,-0.8149387230698218,0.11399115753166798
0.022481266490733037,-0.8178745826215751,0.11395195842907438
0.02792874058041914,-0.8235322479696269,0.11656822546884227
0.05607491174538396,-0.7462042224498759,0.06593172322398624
0.06218333181072449,-0.7487694578767057,0.06110931144444105
0.05813503770982693,-0.7520717191853956,0.0684304947247917
-0.02194602953425594,-0.7994077392286002,0.07975171095515936
-0.015168668179035847,-0.7922384316280058,0.08736963501872928
-0.007677058753347585,-0.8038175423348369,0.09286873760022084
0.03182512371110535,0.5161057944622366,-0.018904561098831506
0.03411977889272121,0.5128248450629264,-0.012598908814701356
0.039531274068410754,0.49963813585626143,0.0024325297047213036
0.035478982310402994,0.5029573818953695,-0.007234067467952951
0.009770049430673338,0.2815192349608314,-0.06467624292832905
0.008249607176188148,0.28308095498646196,-0.07076897243703131
0.0002929369732737751,0.2683254869430889,-0.07125906560272785
0.0021065407492179785,0.27684683838130497,-0.07134251411607392
0.009302323548708668,0.2696279592988875,-0.06684577649466082
0.028231229968470203,0.7064938122521739,0.01853507742914169
-0.015445839072054051,0.7520763289999121,0.06680365341186371
-0.008067496597837301,0.7622197454490078,0.05360317747461873
-0.007213330528488384,0.7572621347276179,0.05934730508929997
-0.020417591965550347,0.7423858779204596,0.05717347753471755
-0.018172241221638026,0.7550905381390376,0.05031723020594864
-0.011330917352640496,0.773478342778437,0.07128849412519796
-0.009483999767438295,0.7746861784034882,0.06226463697917362
-0.006900180721473625,0.7690460224065602,0.058833605715506436
-0.0060473472044963545,0.7640884116851704,0.06457773333019717
-0.012985947396524587,0.763213110760773,0.07145840080126645
-0.012795392407573387,0.7672377899704209,0.055804851724995524
-0.016742412528330045,0.7766653016504478,0.05268237507261921
-0.0133390737746461,0.7912821511315699,0.05316653421954153
-0.029494938711868146,0.6881363249653438,0.046668887692412675
-0.029938678651171603,0.681831224335108,0.04780140984682444
-0.022129921761353647,0.6797398495562893,0.06720797381361618
-0.024751052273686517,0.6902756012533803,0.06019655892492281
-0.02526675004098308,0.6756061615145705,0.05655315094804061
0.052550310726003364,0.6997337158516539,0.048448190647817614
0.05039823864800681,0.7003379663915887,0.037409994884662755
0.049610700197173896,0.6876471924392854,0.033728199399619636
0.04377678592010827,0.7025825023906287,0.02913891970600891
-0.023242602990536668,0.7050241236872832,0.061139762677941266
-0.019234285460745862,0.6921733378043926,0.07644660968816819
-0.019861917627147025,0.7019614369647279,0.07524913448342134
-0.024316640200979844,0.6995768641001456,0.05080366793502276
0.0516974772090261,0.702897788665983,0.0657869563977958
0.05419867800803397,0.692585285769088,0.0648230938751962
0.053750940411620304,0.693116541204585,0.05384124988227046
0.029434524758830433,0.6664116747063581,0.020105045373196184
0.042115093114375425,0.6771563678528826,0.024953744498129066
0.04556906885812983,0.6670235234264569,0.025718614243352186
0.028415122195572646,0.6536525607781011,0.018125302107234814
0.03861581059003243,0.6532185306415028,0.019973194714422576
0.03066180549185661,0.6924755251470271,0.01632209196077066
0.03670493049105753,0.6878028651588047,0.022277932674451544
0.07360730328110025,0.6480381718894145,0.04240494492802432
0.07650160702933638,0.6446931864809169,0.04818989872506481
0.0738604882314525,0.6526692445592576,0.049321956698950266
0.054493172081864626,0.6721267954852701,0.034245553917308526
0.053989467285898665,0.681711035350381,0.040149087739013316
0.060000611028213226,0.6639156224097598,0.037057809107660926
0.051680154028213646,0.678260416639074,0.03243298970236684
-0.032866296208665734,-0.4535012602732956,-0.07806441177306538
-0.02811707956100226,-0.451873327698231,-0.08144837300251143
-0.026991072808121724,-0.45526135737096235,-0.08030187180295524
-0.06901710946187682,-0.43131713441838887,-0.04166594773936792
-0.0697140343515278,-0.42651044369632374,-0.03024043979019497
-0.07589307969249452,-0.4160314375345669,-0.04373584578038867
-0.07362774066302646,-0.42485665391694777,-0.047968328949117386
-0.07249240604355388,-0.4147507510374532,-0.033581727165221134
-0.0010182945590761154,-0.46389413579584704,-0.07378551822351678
-0.005419715038099926,-0.45601001937490104,-0.0772143666463287
-0.03389635919088722,-0.45775819479135094,-0.07794475179587698
-0.05728531839396815,-0.4518818313898911,-0.05569373264616747
-0.06527396985376888,-0.43681927983995894,-0.0507824516287484
-0.06303528187170532,-0.4468535425855955,-0.04647479448209143
-0.05906427580828745,-0.44506654895080733,-0.06015769909010493
-0.06376019036113718,-0.43882825739389436,-0.05600222908061268
-0.040914912525128966,-0.4621392389702274,-0.07355088474774389
-0.04106948860008361,-0.45622106843692145,-0.07122734899705752
-0.0427884811577404,-0.46789742560125314,-0.06977741773734153
-0.04842784278874461,-0.46498108563123447,-0.06153880793708097
-0.04961381439829239,-0.3268048344127449,-0.10956891537784605
-0.04956850761769905,-0.3158140909127335,-0.1129208180146753
-0.03757020607574061,-0.3166416034133651,-0.11519916084282733
-0.038011280910300774,-0.3278423831099513,-0.11301748359166348
-0.05995042313451798,-0.3158088970811137,-0.10838477435618908
-0.04825994119009245,-0.30411661369736304,-0.11491588177322336
-0.059456046205148806,-0.30307558883374996,-0.11232683999566746
-0.03686262076712119,-0.35120870217975647,-0.10636902791021892
-0.033681818259274805,-0.3622010242116342,-0.10027601886006483
-0.021361039043704826,-0.36121888844589883,-0.09672188620118678
-0.02425401023957405,-0.3507344900838425,-0.10209530158183158
-0.06988726615966653,-0.3025777858836561,-0.10635420994799205
-0.07009514432942546,-0.31567822892576614,-0.10228761745739393
0.030585850006748565,0.8083871315192648,0.03468445681878755
0.02420159160075674,0.7959302570130842,0.03012193480533101
0.024494753122220488,0.8080231087784419,0.028557877734501975
0.030784400309920166,0.7965584688170166,0.03555285544275874
0.014691165334099181,0.7955616533102887,0.028192977793404024
0.015005647693485585,0.8068672677392077,0.027448593218952294
-0.014024005692966475,0.8028386290011674,0.05045928644166711
-0.010951139927114476,0.8073321497576817,0.06517655826938692
-0.016739747423591488,0.8118471384750527,0.05609800063693132
-0.005994045109687347,0.798776251656023,0.07034794369743269
-0.006784248665258825,0.7959080553754049,0.06264877193470489
-0.01256352829514852,0.7971037094518982,0.04294442396097875
-0.013188495356806391,0.8055028197071314,0.043942333083175654
-0.0207867089721174,0.8200025762579793,0.07183142616919598
-0.020754727715231052,0.8214608533205615,0.05975066742054069
-0.016791716966028852,0.8098361665403446,0.07381577466780698
-0.006331180859368052,0.7835222245523746,0.06627585645562145
-0.005796827358887388,0.7892005188043836,0.07239848018860956
-0.00811546848316446,0.7814928398151798,0.07263489389001705
0.03826135165953927,0.5226575384984039,-0.007849355056559282
0.03436630108121998,0.5267425973685006,-0.013286401358104572
0.0391994685282119,0.4900039134765337,0.00020182377879077493
0.03489265926748023,0.4931421283841653,-0.008920132677883002
0.03370535510556555,0.43352665334768126,-0.018599631991890724
0.03439161957625757,0.4258608161655231,-0.021049900999574666
0.03647706403573813,0.42627201410436727,-0.015581859925173561
-0.03136850734447485,-0.391726874091441,0.007676204966909081
-0.030595626969715826,-0.40109122285536664,0.010646436448351728
-0.04406506632846065,-0.39451054940510405,0.0046472494224552964
0.07189230838055366,0.6437564986190348,0.0707672402866699
0.07108611419653663,0.6345509347683752,0.06921522421320833
0.06394230093948804,0.6378733590997293,0.07383909947424667
0.053161952263958985,0.6433240126187498,0.07899147600192996
0.044360443858287746,0.6504052619401489,0.08506807865919737
0.02984495088887589,0.644985306664488,0.09031625573551941
0.04442707147680374,0.6330867277210175,0.08067503615298702
0.02994222721190659,0.6346239898837126,0.0869113801827952
-0.03925721737650631,-0.07996150215520671,-0.022779852917839582
-0.03946376299390306,-0.09028301588050522,-0.02266961600669385
-0.0354567780164839,-0.08036337221656718,-0.015068817930396657
-0.035963147917188416,-0.09063210170233203,-0.015310657239079161
0.023691224042942025,0.39512346739519655,-0.03833563807305146
0.0226038613087966,0.3985755499919755,-0.044787440365365784
0.021247322995858103,0.3896211487276427,-0.0452040941299392
0.023294123436598816,0.3796085980270071,-0.04462375163963383
0.021767018420264867,0.36348465335568214,-0.054477287355377345
0.026516235067928346,0.3699216984121372,-0.044201032155195524
0.03811743600354832,0.4147508247828706,-0.01503356236778461
0.03437163129070182,0.4141873714116782,-0.022594271616469874
0.041847250087949275,0.40424022060429987,-0.01287017223244846
0.03299776979694614,0.40133666267082185,-0.025774179572116092
0.03848655301011538,0.39538563376958,-0.01736634999212053
0.043530263731604776,0.39829331350708047,-0.006719739241379566
0.04182992690713682,0.40655578634388334,-0.0063647433918050484
0.03724194909627675,0.42716643517726344,0.012854495702340171
0.04044407244205053,0.42136791655313327,0.016307025211963075
0.03747781086581655,0.4291647457362438,0.019340271489499544
0.040997081675715294,0.3200083068228244,-0.008076450106311745
0.0411663158267391,0.33100797608428556,-0.004408416755276635
0.0424815450161992,0.33834953257835654,-0.014212096278808838
0.0429266175078743,0.32031126619212086,-0.0181256267717524
0.043978001328018435,0.33132927394973405,-0.02212130445111762
0.044553663951977504,0.33600619232908135,-0.03360333861808074
0.04187923134483562,0.32953784372844125,-0.035386955588676994
0.04413924016482184,0.32889198089052424,-0.029221752410990724
0.0011710889852839044,0.2848501658130061,-0.07313425983204781
0.03618123740953583,0.3553892561702355,-0.04105038198917384
0.03710336364976764,0.3547269421393661,-0.03395895561505583
0.039338053974721,0.35009116777355637,-0.03771508475291082
-0.03150576023861704,0.25653438931751216,0.007211395426008569
-0.03276635478089648,0.2496538496566034,0.013963729027677348
-0.03830710753650308,0.25374693487079264,-0.0026189815570469683
-0.039263880138359804,0.24181799447706406,-0.0015608306362468233
-0.0374729297527099,0.24147681228165363,0.009835776066960619
-0.03442804758662933,0.24133110402065033,0.017605429880428278
0.019045946480162744,0.2534184952304199,-0.0597632204010272
0.02016395791882288,0.2610022480662152,-0.0559439696057901
0.014809762495057272,0.2607191329030946,-0.062396121362312824
-0.023954185956261545,-0.5132826691002974,0.03605811797857455
-0.019050393233648155,-0.5103400557974147,0.036114604991234665
-0.023927534908857042,-0.5080092262477955,0.032850877120581184
-0.01066730627224278,-0.506478837012551,0.03245771761031819
-0.013472329011673357,-0.4968385106232272,0.030273584417278756
-0.02306803863003101,-0.4995595298778855,0.028770092990640483
-0.02596234237826715,-0.5138262837171698,0.031510246975421465
-0.0207267441154549,-0.5266182264306523,0.03469172298522688
-0.02210860092343099,-0.5185618843316943,0.035379612765189576
-0.030647596512157923,-0.5143440603811009,0.026807661908701194
-0.029752121319330603,-0.5268132345536777,0.028522945553503782
-0.03148577195306129,-0.5019943098134823,0.025188951271753864
0.06515492359644032,-0.8564008798778746,0.09538526423052858
0.05810838666242243,-0.8544301071734399,0.09460600886411676
0.06136647720774851,-0.854156380114977,0.10053983994481133
0.04193786364912648,0.719458064575688,0.03139818031602722
0.04768249691738654,0.7226722836680253,0.03799882698420144
0.04769049223160694,0.7147063571366733,0.034738600189650755
-0.019555430581981025,0.7358062099066439,0.04156768906690146
-0.02278553752753096,0.7303502269574728,0.052129015308242245
-0.0206481235256083,0.7521932411820226,0.045700447685813335
0.0042865964269906826,0.0669124040354762,-0.07132342364309135
0.0026728755065849943,0.05781873637785957,-0.07389677727421344
0.010159154722796142,0.05485599147234311,-0.07068569486257534
-0.012213067021765561,0.7662527381162901,0.03877044829367525
-0.0017392053913977768,0.9823838617629346,0.09556757902090163
0.0047409967852531,0.9895577931418942,0.09620813812046682
0.013125416299025387,0.9780867734504245,0.10275007530399549
0.004325240445725792,0.98025419607909,0.10008819602789115
0.03492064286725638,0.9788933368826723,0.09318730424522688
0.03234615168788377,0.9852467596139625,0.09465570620136163
0.029855611307839588,0.9794901380681166,0.09821995136886026
-0.00988643058326335,0.9841768814897172,0.07365335296297493
0.0317784843781451,0.9946016476643922,0.07974835533214364
0.035801459984009805,0.9899070564567153,0.08051927841556
0.03519248355079274,0.9922684439846831,0.07445032836421402
0.028964133772122473,-0.8392794143309524,0.10259506497145825
0.025455523381187423,-0.8363269469722074,0.10655326744414331
0.03025137936181115,-0.8390577037957443,0.10826665310157657
0.06607171962719029,-0.7533421889986556,0.054643734420169655
0.06702582712430846,-0.7622102190777239,0.06178363547538116
-0.022736233089832154,-0.7083940484150951,-0.024077017796023028
-0.02246305985392415,-0.6973992162318573,-0.027411618510266984
-0.029305716275288593,-0.696207177884396,-0.01865756569628216
-0.028888627383394372,-0.7069510172591167,-0.015233669850102907
-0.0225843221196208,0.7135320495748481,0.0640786553042677
0.024340177047265845,0.7432245191966916,0.024058681685069676
-0.014337155499981232,0.7598366114138437,0.040836353758694495
-0.0681696061543814,-0.43361611697775604,-0.054141380907997264
-0.0737823167379811,-0.43034989544459423,-0.05387071890996341
-0.04214885602000863,-0.40422629775394914,0.0069330545525922846
0.012086025450211854,0.04727737103941789,-0.06896680844278441
0.007080958747457563,0.0481366134043043,-0.07357935599697922
0.03130009807721674,0.4497958579493207,-0.010011469709672968
0.03484735248689163,0.44675895737664195,-0.0021493253441633516
0.034803378258669936,0.42943864300179513,-0.00941538111236553
0.03185044220614294,0.43981202930415936,-0.013852748114497142
0.034806043363413225,0.4325852785112762,-0.0022360433774926197
0.02946783856808843,0.3894972685027037,-0.029988149514214166
0.02874692773576677,0.3790163629389987,-0.03256753496884682
0.04313049802052302,0.4069292329263161,0.016000493782045256
0.04191920791594238,0.39496366840837016,0.01186714147167458
0.04086382643868331,0.4072826903011704,0.0016161988281609922
0.04141417056760951,0.4130884473099032,0.009931563900726121
0.0429679266313527,0.39661515645349,0.002318583919768526
-0.027914531600720455,0.3594147854639696,0.010367017433105587
-0.023808937747903686,0.34735807198451074,0.01880428462568951
-0.021103856436242366,0.3574467215624906,0.018757902905658416
-0.030538327217796618,0.34996071468220535,0.009451944237520505
0.008305574375740449,0.2585436934161984,-0.06886230984165322
0.006539942485123406,0.24596953440758837,-0.06937319999161588
0.01601039218067421,0.24333615744339615,-0.062318050048177316
0.02475859849153171,0.23918110405837886,-0.05397296626389719
0.022529238376064933,0.22887017756984504,-0.05463700864741247
0.013383931458859492,0.2316147277376951,-0.06259755868848174
0.011816849871418789,0.22104358310753724,-0.06282448223676518
0.002361058251941881,0.22252111230915186,-0.06972297441055234
0.0038481866971690733,0.2335773063039092,-0.06949726860672682
-0.007526480335503143,0.223262804429673,-0.07438953930593635
-0.006070000594795391,0.23479909464656182,-0.07383987793111643
-0.0038219847461397807,0.2465537789616376,-0.07306482780482762
-0.01652120883486414,0.2353565088351703,-0.07275010068228799
-0.014740918868177934,0.2467969786862152,-0.07141638387454129
-0.013542954287299553,0.2574771488535697,-0.07047577562274873
-0.024484541799632005,0.2460063290884523,-0.06592336767886495
-0.02373697991990584,0.2566148590487677,-0.06517560551828526
-0.023157319638836573,0.2669826247734333,-0.06510618855879943
-0.0317815985792636,0.25533623069114664,-0.05745063267450292
-0.031349851611290745,0.2659342795703405,-0.057429066486197666
-0.030567643369939678,0.2765536082998706,-0.05766879605878663
-0.03720508672628375,0.26497141597057494,-0.047686909139309896
-0.036566794140923634,0.27573840508805053,-0.048228576085991674
-0.035785918451939465,0.28662266554418475,-0.04902271550657804
-0.04025263399710289,0.27601209959154954,-0.03748549685545832
-0.0391959199674769,0.2868451856202236,-0.03863516360949485
-0.03842037448797459,0.29749639976629516,-0.03940009372171235
-0.03944510726071895,0.287843205707645,-0.026991077205973563
-0.03819517313739848,0.29800644484494837,-0.027550890860371983
-0.037494250590632563,0.3082393260606981,-0.028044442142681945
-0.0373450047251645,0.2992384907740774,-0.015496270554972992
-0.03884945635120415,0.30966425311234186,-0.01605479937456421
-0.03935049604242681,0.32051022874778023,-0.017033964839149842
-0.039393137718276856,0.3108673600049603,-0.004942154460193231
-0.039884849542907476,0.3223813107987613,-0.005346496313269199
-0.03741563000078596,0.3329970579850779,-0.006013962278024469
-0.03572195593816676,0.32190076440535165,0.0051420298672272425
-0.03410690246539416,0.3317852309855951,0.005798986516089392
-0.032238664042264574,0.3405130470556853,0.007220257435276322
-0.026110255691368302,0.3286370394475177,0.014290689445008966
-0.024997574462190017,0.3373678962341802,0.0162902800991378
-0.014259867462506277,0.32525925455358945,0.018399441643751905
-0.013850773884832463,0.3342535453549327,0.02057354654636954
-0.013217811508949451,0.3440092678817333,0.022595732600009435
-0.0014167277177909684,0.33115724953620446,0.021701190433757362
-0.0011262313010705115,0.3409921127186742,0.02331519371641832
0.00016101428861343167,0.35068435379253143,0.02340148818893052
0.010129838570648347,0.3385412747893989,0.024536721552714066
0.010873402793259577,0.3482577076281583,0.025422431302223863
0.012092688212065347,0.358635535403051,0.025884903739842764
0.021237995129266052,0.3469777814150552,0.02529723645003658
0.021809660096114916,0.3576907718037025,0.026650769082821837
0.02262917980383419,0.3690018667550439,0.027962512420544403
0.030407287989132708,0.3582520746792731,0.02315781494105061
0.03027003509499525,0.3697791355290489,0.0249934556541659
0.030485908578979308,0.3811076234843535,0.026318433250035547
0.035307083054635896,0.3716038815787315,0.017983867062659337
0.03602133112510406,0.3824182930238073,0.019111661975671816
0.03808678729902888,0.37387831052731085,0.009315528616237091
0.03968185248625047,0.38404739720186193,0.010374757725412723
0.03867044523721309,0.3768157065034627,1.606354897780165e-05
0.040706585258994836,0.38639119066784966,0.00121300337892981
0.03798151566177777,0.38024887786149747,-0.009779059421354258
0.040841173048389,0.38963064581383455,-0.00842252513729896
0.03768435648320856,0.3712896155978215,-0.011373680205297592
0.03439161957625757,0.3753579796135604,-0.021506618189435483
0.03520714162686664,0.38451509447165994,-0.01979177374228009
0.03859715485684833,0.36265002404665114,-0.013503010084613371
0.03555893545261651,0.3667807118549503,-0.022934010951725196
0.03711935427821318,0.35869226820716255,-0.02465847202075032
0.03410378826427567,0.361778602682721,-0.033256455377862384
0.031129531373821278,0.3697985556850226,-0.03315337284611655
0.039541934487374454,0.3543926158866341,-0.016696408344740312
0.04109435799874126,0.3463646315176626,-0.021875210785314656
0.039072876053033403,0.3512607228216525,-0.02791484565556362
0.04347429653205722,0.34029549279323407,-0.028327589644487238
0.04167268572744361,0.3457389265400089,-0.0331654583639066
0.039912384046308425,0.35772111202544776,-0.0038212866808446096
0.040837175391278804,0.34843864598403596,-0.007834156662262335
0.03980444730431876,0.3527352793823372,0.005932694825446505
0.040526690689007334,0.3422839862348802,0.0016354699258389065
0.03685417635652559,0.34881853103592586,0.01448840439384708
0.03678088597616084,0.33778315794655933,0.010619340578888099
0.029806306870136048,0.3358663635879185,0.018623510955135755
0.02823522762558514,0.32583334491428717,0.015817898687248266
0.035776141488972214,0.32732879471282395,0.005991654265573079
0.026778747884872653,0.3170292238130772,0.013063125608120575
0.03485534780111203,0.3182294843270663,0.0028519877175798587
0.025851291435158984,0.30857918541121454,0.01023586456456671
0.03345083760284164,0.30994202370112883,0.001039290806451609
0.03173051249281794,0.3011487663359689,-0.00040962001900232486
0.03589074099281537,0.3017529907613668,-0.009171784736687658
0.038711754360691485,0.3106010555474375,-0.00870393418119302
0.03759374292203135,0.30210917335811677,-0.01771543624976624
0.040536018555599386,0.3107445328457035,-0.017658231696308906
0.03617057699057686,0.3028444108032451,-0.025890626095745217
0.0388929814830459,0.3112486674039558,-0.025941477243434947
0.04137286144413111,0.3197827723577545,-0.026640640517477537
0.03493263583858699,0.31261284686166557,-0.03412263911174852
0.03794953440489142,0.3209741497835939,-0.034739607001027704
0.030266037437885047,0.31488412193177,-0.04187015456013481
0.033529458192688245,0.3236978111069646,-0.04211105092287282
0.03767369606424486,0.3328613768194553,-0.04145030388768433
0.028532386804154354,0.3275105326342889,-0.04840217576313346
0.03308305314864623,0.33715712318533336,-0.04686047396523539
0.03794953440489142,0.34526475237773374,-0.043261186670287916
0.027923410370937294,0.3421979972151632,-0.0514683564823462
0.03335622638455424,0.35087599028701755,-0.047357695748624765
0.022567882394800044,0.34729606511101613,-0.05609652827788908
0.027808810867094136,0.3570887644814245,-0.05058986402875245
0.01818378509659342,0.33644544347685834,-0.059802657280617136
0.01256840940825042,0.3408386229929072,-0.06594358843928756
0.017048450477120832,0.35237655055098643,-0.06204118756742217
0.004545111586824788,0.3442774764972135,-0.06806846382212865
0.008782628124297167,0.35640356701883796,-0.0648314431033206
0.01322669027916629,0.36824484346430897,-0.058485369795028476
-0.001976399713304491,0.35845290940375807,-0.06283270148133804
0.001817376884869167,0.37029997082606264,-0.05893459112955528
0.005479230798387216,0.38076082426240837,-0.054846630110398226
-0.00918417548412579,0.3710525617838424,-0.05569906854867612
-0.00553164943719979,0.381695263394675,-0.05149346485911907
-0.0018258212954647822,0.3913893549697577,-0.0472535569659373
-0.014623654259591487,0.38166528049542786,-0.046044425256088824
-0.01063265991061787,0.39132141519933705,-0.04167372585414732
-0.0076384147346077414,0.40046770354610023,-0.03770944499048548
-0.01755526947420056,0.38969312480912344,-0.03430271094170384
-0.014526377936560787,0.3987239114285987,-0.030509724419477968
-0.013121867738290396,0.4077175859620324,-0.02718560768542967
-0.019736657704340174,0.39635687338739406,-0.022220681723587963
-0.01840144022932434,0.40545130338261487,-0.0192488934347057
-0.01798168623268683,0.4147033800918236,-0.016453833372286807
-0.022468390063405997,0.4031676587965251,-0.010559185401241046
-0.021843423001748123,0.41239692963552094,-0.008046510436383445
-0.021480968757029827,0.4219772384232856,-0.00542507779977515
-0.023142661562762675,0.4102624434322161,0.0008796109456514118
-0.022608308062282013,0.41984136498062297,0.0032372018598692954
-0.022465724958662708,0.4297787298110509,0.005844764013401397
-0.02096393843736635,0.4180147221451484,0.012167034931788561
-0.020898643371222003,0.4279109282438648,0.014296420578265462
-0.021210460625865114,0.4381708587165924,0.016666421701353806
-0.017227461591111905,0.4262450412739596,0.022627084136069554
-0.017212803515038008,0.4361419283245049,0.02463253711879952
-0.016830360984768696,0.44621436520526736,0.026824959568699052
-0.011613418455140549,0.4340702474351569,0.03207117927922698
-0.011313594171828043,0.44385218625290535,0.03401060810268751
-0.011330917352640496,0.45375370578557156,0.036643677570303505
-0.004466940093353398,0.44187795656025286,0.03996158887877306
-0.004656162529932952,0.4519167214283312,0.04233941571067856
-0.00449892135023975,0.46221930565535646,0.04496504615841825
0.0031459315980315117,0.4507080522714179,0.04588241358280784
0.0031819105120328,0.46099357979493044,0.04855877140207114
0.0038468541447974278,0.47133419661731374,0.051321456671554716
0.011327803151526728,0.4603164749846708,0.05030266896629065
0.011994079336663003,0.4707367425749897,0.05300763490029061
0.013104095461102732,0.4811011711966837,0.05548369225127119
0.020206599594672924,0.4706032439607629,0.05296169683793114
0.02158579129790572,0.48077377555233164,0.055309514303223326
0.022827730107005794,0.4908297315875196,0.057408743451639856
0.029629077404891832,0.48092447743568606,0.052798158568728076
0.031129531373821278,0.4907911392702475,0.05437734781842752
0.03212761309915642,0.5005710532790338,0.05593167432990633
0.03625186268516202,0.49136902589186665,0.04744893898698773
0.037664368197652814,0.5008491477866069,0.049010172042639195
0.03944066050722882,0.5101129284171595,0.05073644879459593
0.04039077034723679,0.5016993178244284,0.03988425492590169
0.04316381182978102,0.5110028475838881,0.0420740573177153
0.04527857244140937,0.5204556101056483,0.04502130784564862
0.04568633346671154,0.5127152147874667,0.03320612334586797
0.047653180765238744,0.5225809914269244,0.036391065050919325
0.048975072716552326,0.5324945741106639,0.04030467162087863
0.050638098074656815,0.5244213436015113,0.02778763974077858
0.05206126400611131,0.5345935149406917,0.03171454496987525
0.05233310468964767,0.5449982548196282,0.03577481703894013
0.052956739198938625,0.536730833017456,0.023073578847198132
0.052992718112935176,0.5474228467354216,0.027027067382069697
0.05293675091338288,0.5575880428125096,0.030387666700564076
0.05157488239096254,0.5497910631728713,0.018708701932985936
0.05209324526299766,0.5600643386592231,0.021335819052380176
0.05243304611741693,0.569832426668003,0.023175377892079414
0.04894442401203762,0.5622197883694392,0.013608901157829362
0.049132313896245526,0.5721295060044204,0.015013297253320516
0.048270152512676204,0.5818378091758741,0.016126919352351964
0.043170474591634506,0.5736649563783653,0.008486287789111377
0.042305648103321894,0.5835880314119049,0.00913637858669188
0.04173131803173447,0.5941179248843104,0.009120991143593124
0.03580012743163816,0.5843245262326323,0.00322788504226727
0.035526954195730154,0.5953210461455447,0.0030021631056881505
0.03601333581088366,0.6074067874063768,0.0038874085315759974
0.0282045789210657,0.5957721367367456,-0.0009232970633006689
0.02913603302788957,0.60874436041603,-0.0007369820074026442
0.030027510563601954,0.621287594431466,0.0030162154718622464
0.020947498712545594,0.6088481102399111,-0.0010266953693648753
0.021842973905372914,0.6214426571804104,0.0020945937602660654
0.02283039521174435,0.6322964936258721,0.007932819122919346
0.012679011254983373,0.6194742922227823,0.005105892539227103
0.013282657478718589,0.6303742009112886,0.009315474156534605
0.014749797638394771,0.6406794828310924,0.013721404994746608
0.0036616293653280764,0.6276628691898521,0.012695803737194002
0.004786303565841704,0.6380849136807168,0.016245610208950743
0.006618563074970006,0.6481568533999793,0.01961069756746525
-0.004077834801230595,0.6356822103110776,0.021046170101230808
-0.00228954952031925,0.6452585678514665,0.02418332840836482
-0.001246161014395514,0.6541515580474596,0.026352635650893633
-0.010200912942649756,0.6424920425860166,0.03125916698702034
-0.009113550208504326,0.6507627731132952,0.0336915972794771
-0.009438692986849693,0.6583330025238121,0.03519224600539453
-0.015938883449056314,0.6485129042891117,0.04246907739725081
-0.015656382346556263,0.6562526597743612,0.04402480275418961
-0.017316742599917462,0.6635078223636236,0.04414789728623674
-0.019431503211545822,0.6558415212805849,0.05377471978129661
-0.02110518898861401,0.6638660224069788,0.053222153571354486
-0.019595407153092513,0.6564499297143221,0.06405630221494972
-0.021540933613692328,0.6661448088927974,0.06261678926293661
-0.017326070466509514,0.6571374087411347,0.0739163765381048
-0.018730580664779905,0.668519107751963,0.07243601284687244
-0.013745502247581358,0.6571401768493349,0.08356683964008473
-0.014362473995018825,0.6694582214738185,0.08301435233958458
-0.0168010448326209,0.681330193263577,0.08049866850746537
-0.008091482540503249,0.6693312490121587,0.09282673866311364
-0.0096638943374258,0.6815568106566865,0.09191894122321367
-0.011308263962346195,0.6924086262572811,0.09002293634992715
0.0005287987428135781,0.6812773472391964,0.09908697630401711
-0.0005985405624433404,0.692696706168967,0.0979262315921443
-0.0018924489139807768,0.7029951154442362,0.0969699337094343
0.011707580577052746,0.6928111394766548,0.10118909578239096
0.010137833884868752,0.7040689298147674,0.1004729466462633
0.008305574375740449,0.7145972005243335,0.09964203441233266
0.021277971700372808,0.7053948374724592,0.10021944963089059
0.01936442649665935,0.7161997721379271,0.09903794919346104
0.017849314451656006,0.7263746777588561,0.09917634129209141
0.02964773313807593,0.7174886692653826,0.09504012285579563
0.028217904444767954,0.7276637920803527,0.0952198235069124
0.026813394246497563,0.7379428358416822,0.09590268951598335
0.037209967839390394,0.7287331358216536,0.08874856759154472
0.03556293310972671,0.7390244176076249,0.08947800923257902
0.034416938071290426,0.7493970960647869,0.09022834403501767
0.041980505324976526,0.7402535894160033,0.08147079141642306
0.04073057120165605,0.7506884822549127,0.08239536587856924
0.04014957836821987,0.7612394680362358,0.08309679061999516
0.044637614751305954,0.7522888325314541,0.07351203002509481
0.04399932216594583,0.7626659162981834,0.07408644232088969
0.043363694685324264,0.7731287600081145,0.07449783006775644
0.04482417208314695,0.7638641142825768,0.06398991636269953
0.04396334325194454,0.7740818851902533,0.06417072534746414
0.04322111158170496,0.7843939717455916,0.06429507046185899
0.04223635538006734,0.7747629716094364,0.053553217962459446
0.04141283801523787,0.7851526464031139,0.053734455673721204
0.041136999674591314,0.7956493456331418,0.05374189646428188
0.03769768200691081,0.7857499543058318,0.04391026840296463
0.036735579195572236,0.7964226531113465,0.04393677237655583
0.038575834018920944,0.7752160645762405,0.0436724884078051
0.032348816792622324,0.7754111886935989,0.03592389590596697
0.03158526428445534,0.7856859419348485,0.03629762805080715
0.023420715911777315,0.7755000412995303,0.030519854181873547
0.023374076578817064,0.7853068075412839,0.031098597690642042
0.012543090913217564,0.7754775838317857,0.028022734600607713
0.013154732451173183,0.7851983392496686,0.02846334297902201
0.0008859227780452952,0.7750940051332627,0.03034209200127546
0.0019413042553043719,0.785243369753482,0.03018478767534425
0.0029580417138236038,0.7959708158958262,0.029979136478481563
-0.007745018924230491,0.7856534033085998,0.03568481657083536
-0.006688304894599769,0.7963020000859155,0.03518241666583829
-0.00974784513675425,0.7756210497336892,0.0370608079428536
-0.016610489843674435,0.7775865630006555,0.04541901813213612
-0.013780148609206266,0.7872176010005378,0.04374930610070235
0.003087299293740656,0.8067365244954191,0.03020770218080075
-0.006885522645399727,0.8066791805956073,0.03602867289400008
0.0015028945254827628,0.81760979864092,0.03137916243879246
-0.00872977512586337,0.8168683857090218,0.037619491968438376
-0.010903168041782582,0.8268713556678224,0.03977896539504711
-0.015535120080859614,0.8148878779120413,0.046431535238510575
-0.01778446848188687,0.8247347075026217,0.04905423169114793
-0.002652003765037549,0.837991375979906,0.03643038075291153
-0.0008730463507182543,0.8281518759983931,0.03368105153732463
-0.011945223995339408,0.8368582414484963,0.04242757686947788
-0.011890589348158754,0.8470345655889904,0.04486331355053565
-0.01849738399998339,0.8350250970872303,0.05138809325358602
-0.018080295108089173,0.8456874751767526,0.05350678763115802
-0.01739669574213571,0.8563769563799114,0.05495105868531153
-0.021727490945533327,0.8434553372845676,0.0633755499988623
-0.02143699452881287,0.8545486897198447,0.06458583024261297
-0.0208386785145595,0.8654669784461392,0.06519470894774027
-0.02304138758262177,0.8528717407151214,0.0746142471484915
-0.022969429754628665,0.8639851832813082,0.0750835124025442
-0.02244706922548334,0.8749111616252362,0.0751273406621736
-0.021546263823174178,0.8632242526082644,0.08521505125830815
-0.021191804892681014,0.874064838023816,0.08498481891826545
-0.02119846765453451,0.8847131518614187,0.08493549456929339
-0.01650655075879024,0.8739903064949799,0.09437983485835694
-0.01640794188339263,0.8844542485600493,0.09398634407347692
-0.01711286208726875,0.8950062809633578,0.0943799394595921
-0.009719861536978099,0.8848352485291106,0.10182118964601271
-0.01038214006500417,0.8951936304660407,0.10187999537770086
-0.010939146955779135,0.9059349624486505,0.10178087683436847
-0.00129546545209432,0.895376206795583,0.10619123449357756
-0.0017312100771773723,0.9058250706116233,0.10571786874046477
-0.001624605887554622,0.9163622109626522,0.10530666966996471
0.008566754640313111,0.9053733052261048,0.10596676964968205
0.00859473824008926,0.9155140160542331,0.10568424916986201
0.00922770061597227,0.9255321351034935,0.1051491848088593
0.018642183111970776,0.9149128998617568,0.10363258558958018
0.019021960537496795,0.9248339808007094,0.10339652729690803
0.019568307009308065,0.9349003709967082,0.1031716981275246
0.027870108276128285,0.9245859548251694,0.09930950419785263
0.028051335398487434,0.9346134352987188,0.09903424191983969
0.028065993474556596,0.9444710000363472,0.09812290419542953
0.034571514146245076,0.9344184648963274,0.09236575024378432
0.03498060772391888,0.9441028969632258,0.09172716726546089
0.035685527927795,0.9534453218667839,0.09143018805969043
0.03943799540249026,0.9437634240853701,0.08368022459434364
0.04039876566145719,0.9533233883234705,0.08344606499796436
0.040389437794865146,0.9629099304886696,0.08370481685097017
0.040970430628306055,0.9534988884741284,0.07449959453634042
0.041061044189488,0.9636730487422256,0.0750031149501832
0.04013758539688453,0.973463133929136,0.07621091957794547
0.03956725298240731,0.9646917459319413,0.06650262001448895
0.0390275692724448,0.9750468311758715,0.06796197497926672
0.037628389283656256,0.9847787055273957,0.07051731473868651
0.03597202668740526,0.97662288084253,0.06028607602979352
0.03449289355639847,0.9869220910247859,0.06303032301799699
0.03064448231103942,0.9943349141275507,0.06830164212515763
0.028605677184519108,0.9877334543105434,0.0569148873542988
0.023840469908414826,0.9943299498749057,0.06279548572495071
0.01843830259931732,0.9963696687015982,0.070313786155503
0.016256914369177707,0.992236878522833,0.05830906435951768
0.010744145213347258,0.9940462748467783,0.06536084344345108
0.005836354833618933,0.9948768388912431,0.07278156090304559
0.0030233367799679524,0.9896151822677899,0.06074279739021013
-0.001700561372657932,0.991398649557422,0.06793196759633782
-0.002168287254627336,0.9811575313171471,0.05849524466563084
-0.007215995633231675,0.9827156939304188,0.0659187993773616
-0.0038686240791000297,0.9702438190228986,0.0585033221737762
-0.008789739982525873,0.9708427099841399,0.06621442559623371
-0.00936940026359514,0.9596724351880808,0.06634111830016805
-0.012305013135314414,0.9601710107372076,0.07474168826377732
-0.011875931272084856,0.9716321085735498,0.07442290883397408
-0.012187748526727969,0.960531696375059,0.08327490773955765
-0.011508146817889442,0.9719473632890505,0.08267919245440458
-0.00879240508726443,0.9603477579987661,0.09112338423767583
-0.008142119530573698,0.9714699031179433,0.09045991856411445
-0.0033422658928397696,0.9594783784253004,0.09760957962156079
-0.002871874906131809,0.9704762195489831,0.09687480869673423
0.003646971289258913,0.9579399654653891,0.10205246394809062
0.004036076581376982,0.9689780838767696,0.10137478179540321
0.011814184766675498,0.9561767193720012,0.10377808600258454
0.012283243201011812,0.9667463646626512,0.10371984728525083
0.02024924127052297,0.9547859416773397,0.1020850381714661
0.02085688515136839,0.9643500549656636,0.10238655021732536
0.02183631114351942,0.9741140089984914,0.10217263920648718
0.02894014782946126,0.9628144031808743,0.09797715227255613
0.02900411034323396,0.9714615999916493,0.09825816647979055
0.036078630877028006,0.9624695417107164,0.09169322908810405
0.035694855794387054,0.9710822594443093,0.09225959472995894
0.02837381307208951,0.9539002161479051,0.09760559447455089
0.011114594772281227,0.9459296650593515,0.10411047073935874
0.01990544275898877,0.9449670721574573,0.10249912353792756
0.00249298093659749,0.9475353401629356,0.10282942324184129
0.000960545710781694,0.9372097827642205,0.1036912513391763
0.010183140665457354,0.9356940767381424,0.10459604083047983
-0.007008117463468021,0.9388048811054732,0.09989170066083185
-0.009092229370576936,0.9281267416915873,0.10085799053117368
-0.0005878801434796451,0.9268072536779912,0.10461344982737238
-0.015428515891236862,0.9291350424411265,0.09418183966894714
-0.017473983779610666,0.9176940643883161,0.0947790206069766
-0.01064865053905868,0.9170777528208134,0.10149575271538845
-0.021139835350238917,0.9183649071603602,0.08626836149941988
-0.021668858641237736,0.9066360497579601,0.086096830146744
-0.017827110157736917,0.9060807927883169,0.094794774003152
-0.02158091018480382,0.9075674076238598,0.07669864171582667
-0.021997999076698034,0.896536373319552,0.07593577759810806
-0.02145964791910717,0.8954218894506205,0.08548017909352507
-0.01882252677833349,0.8977764586866327,0.06645601167792782
-0.019574086315165124,0.8869931005408165,0.06565853104717571
-0.022241856160458245,0.885727093145682,0.07527702062349835
-0.015240626007028956,0.887896235636247,0.05646837205040166
-0.01590956729690852,0.8773769911122719,0.05597466146144678
-0.020160409358087886,0.8762216624486325,0.06535403893466188
-0.0099517256494077,0.8779291963250776,0.04745663070725806
-0.01063265991061787,0.8676746132558442,0.047117439351263446
-0.016578508586788082,0.8669147429343885,0.055676539100454225
-0.002801249630505612,0.867676036801256,0.040545192733547106
-0.003423551587424927,0.8576475711344711,0.04012619081031948
-0.01134424287634275,0.8573716329272035,0.046444027192526625
0.006058891079456483,0.8579547763668655,0.03747409227230468
0.006385366410173494,0.8488344513068756,0.036166821051571346
-0.0034542002919443677,0.8477406306675429,0.03874310124552681
0.01619828206488212,0.8494876303770852,0.038996432234177036
0.01750684849249345,0.8409180519531925,0.03573671420722125
0.007700595599633587,0.839720452333277,0.03352827835070227
0.01956963956167971,0.831529950059457,0.03190829441186807
0.009931288267476742,0.8300652651019692,0.030351557394333595
0.022326690415783126,0.8204419568467758,0.02918285300269616
0.012712325064241371,0.8189019957165451,0.028008959592281932
0.027978045018117948,0.8306643425428766,0.038605016147557875
0.029617084433561227,0.8200525767524789,0.0357211600252086
0.03544433594877335,0.8283452630560753,0.04663795309316794
0.036233206951977924,0.8181907569032213,0.04429671422252268
0.041920540468314026,0.8163642081213721,0.054004768140891196
0.04177129460284123,0.8061380369916108,0.05349352576744723
0.036474398930999574,0.8073550852819189,0.04368740112930415
0.04355558222664237,0.815027174663603,0.06532132634696053
0.04370083043500023,0.8051977076455268,0.06448018574989987
0.04220837178029593,0.8043820466204257,0.0756074427490903
0.042305648103321894,0.7941759208946804,0.07485356709633251
0.043157149067932256,0.7948521325849173,0.06432270244321091
0.03852652958122214,0.7931505556565326,0.08436685089148836
0.03911951538599365,0.7826649467692761,0.08393426170781387
0.04269208829070141,0.783651660171903,0.07467303701726846
0.03268062233282117,0.7814613900582076,0.09149093591692228
0.03341752379358365,0.770711524734585,0.0912343029265137
0.039780461361652815,0.7719430156148193,0.08366815384829301
0.025163694412100052,0.7696276392539738,0.09696739108283306
0.02541687936245231,0.7588917381841389,0.0965787601623666
0.03384394055207465,0.7599326813091489,0.09078859724643637
0.015469375918344786,0.758131334255306,0.0999674880546194
0.015658598354919607,0.7474494968811343,0.0999770115415378
0.025813979968790784,0.7483657315581063,0.09631961758643354
0.004908898383909997,0.7464248372947717,0.10075395753168374
0.005677781101558819,0.7354187681332359,0.10043071051155225
0.016559403757228773,0.7367827180818823,0.09980922393778924
-0.004693473996296417,0.7343229172363551,0.0970450796688608
-0.004021867601678296,0.7237092182841998,0.0963279938142106
0.0068570899492531,0.7249039219125687,0.0997597448820055
-0.013628237638994912,0.7229215348836703,0.0886991698516291
-0.013001938024965395,0.7123715636652891,0.08844415099020927
-0.0030624298950830083,0.713244345731301,0.09629106912649983
-0.020031151778170834,0.7230199072986072,0.0775023928526604
-0.019658037114493574,0.7121544658681807,0.07655343073325688
-0.02338118843704577,0.7370197999307077,0.06886701624047806
-0.02301873419232747,0.7252336847572022,0.06490195690318724
-0.020561507621541297,0.7342195698146936,0.07967023253180067
-0.020378947946815235,0.7465926808786808,0.08350827645121592
-0.013890750455939219,0.7337243682371549,0.089652458867068
-0.013846776227722261,0.7453842817806255,0.09166463297604922
-0.012680792903730231,0.7576595834799407,0.09312055459081527
-0.005189183478041971,0.7455419635958221,0.09808412997217525
-0.004797413081180611,0.7572385726008614,0.09845838164196113
-0.0038459706888009934,0.768629907907679,0.09830387521994051
0.0049475424026451074,0.757579521040198,0.10070330333809417
0.005403275313279172,0.768533027190247,0.10066036975943099
0.005320657066322368,0.7792875416978465,0.10104090738855843
0.015537336089227693,0.7688626632100168,0.10024687220984366
0.015174881844509394,0.7795374849121247,0.10067713397072811
0.014445975697972062,0.7899077154954247,0.10146879133818137
0.02452007161725335,0.7803126868396117,0.09731497968866024
0.02379516312782622,0.7906244330604933,0.09813492854450316
0.023314111722154564,0.8005187404629169,0.0999031974901213
0.03202234146190531,0.7918138422932781,0.09219606965890198
0.031617245541341696,0.8017128772932008,0.09384971265966029
0.031284107448775925,0.8115805089638103,0.09637368949974048
0.03818806127916978,0.8031794586836527,0.08562936782478404
0.03787757657689832,0.8129196952537109,0.08774758039803784
0.037387197304634606,0.8226621134597748,0.08977383411612541
0.04184058732609578,0.8140643073127474,0.07709032388412576
0.041256929387916315,0.8233718233508801,0.07877106327517318
0.04120229474073566,0.8328356058699021,0.0800125652513244
0.04289863390809815,0.824257102463396,0.06694517314114103
0.04287598051780385,0.8335729079681317,0.06868183692060464
0.043059872744901556,0.8436820152576785,0.06999190470058325
0.040837175391278804,0.8353474695964321,0.058463681730406454
0.040841173048389,0.8453470655104637,0.060741771697478936
0.04038010992827783,0.8557661167009871,0.06270849980983677
0.03415842291145632,0.8473417844078944,0.05285845554777836
0.033085718253384785,0.8569159306596552,0.05506815621215441
0.0320023531763543,0.8665895108795172,0.05616730260046265
0.02453872735043745,0.8577921324192596,0.04759848771575172
0.024213584572092082,0.866999447551849,0.048216362457927125
0.024302865580897646,0.8764339490723193,0.04819740642237616
0.015910450752904953,0.8671750307158671,0.040806345679923056
0.01653408526219118,0.8767523459203743,0.04057742513797375
0.017425562797908294,0.8866955657902298,0.04075034967451554
0.007443412992171127,0.8773094943670469,0.037561553182138094
0.008338888184998445,0.8875334067919493,0.038150096537281124
0.00904647349361312,0.8975186738437894,0.03922361784976124
-0.0012794748236535116,0.8880392827934419,0.04134960432550414
-0.000547903572372889,0.8980228880171395,0.042360503548521077
7.040072743622403e-05,0.9078886080406903,0.04300023534365117
-0.008347332595594061,0.8983758834715254,0.04892422383149141
-0.0073359253465566775,0.9084500056056299,0.04940961423947641
-0.006026026366573698,0.9184967020552505,0.04924085658994676
-0.012916654673270035,0.9087419599787548,0.058049800756859324
-0.011426861123299553,0.9187727137201046,0.058143643377143936
-0.009525308890916698,0.9286623673387129,0.05801302341686355
-0.016651798967152836,0.9188487585277861,0.06753786760991566
-0.014527710488932432,0.9289030508243309,0.06729311348759753
-0.012395626696491623,0.9388852405007171,0.06676756603326342
-0.018461405085986836,0.9295473940096171,0.07655242518641737
-0.01568969615581426,0.9396642059910687,0.0757796443125992
-0.013530961315968947,0.9497492683642443,0.07505100520940777
-0.015945546210905073,0.9401706045596732,0.08490775679494032
-0.0135296287635973,0.9502290246047471,0.08392740189383878
-0.01284069918816199,0.9398587052034038,0.0932566201382821
-0.010448767683520164,0.9500760274275639,0.0920848721310001
-0.018934461177433356,0.929738675651399,0.08581411901342755
-0.0062685508979622604,0.9488851618180264,0.05795600018066676
-0.0076997121436418875,0.9386269371214984,0.05793797753202073
-0.010760584938163278,0.9491356058018018,0.06630457195046399
-0.0004946014775591466,0.9489691447907703,0.050358572541133045
-0.001959076532492037,0.9387320891890971,0.04980474513132017
0.005327319828175861,0.9385201364627089,0.043708015614347395
0.0031779128549178637,0.9281231290877104,0.042892512760958845
-0.003964567849759086,0.9286059351745501,0.04930763516189911
0.01183950326171309,0.9270958359266563,0.04038068788999886
0.010265758912414158,0.9169707932180141,0.04060182773294133
0.0011284473094338573,0.917884479031151,0.04279576551528418
0.019299131430515,0.9158889597226542,0.042923523879577784
0.01867949457833424,0.9063120128776408,0.0424621708158715
0.009506204061357385,0.907211105714235,0.04035997710108013
0.025796656787978333,0.9054217331365142,0.04902843033699258
0.02533959132497262,0.8957057963975023,0.048490518955081864
0.01823975229614572,0.8966242091723944,0.04144571860140818
0.030716440139037262,0.8952931752660742,0.05745156187039511
0.03072177034851911,0.8857179252804999,0.057059493565911536
0.02467731279694655,0.8860046913437726,0.048239032310142566
0.036606321615655184,0.8854834880499012,0.0654412638949973
0.037329897552715395,0.8759139338702896,0.0648652708739124
0.03120148920181912,0.876182406094392,0.05662057638533922
0.04018555728221643,0.8750866227805028,0.07352333545474819
0.041514111995378765,0.8649812735353228,0.0724211289586782
0.038971602072892506,0.8660714918256681,0.06409082703702196
0.038984927596594755,0.8635403986064684,0.08147552794702898
0.04002565099777993,0.8531483570417878,0.08059070530312078
0.04263212343404364,0.8543686085373027,0.07114036022376566
0.03516050229390639,0.8527985024419297,0.090084446517354
0.03630383222760412,0.8427730271032328,0.0904876250484584
0.04112367415088906,0.842810868266259,0.08045050290024838
0.02917334449425777,0.8430972859237935,0.09893575152034466
0.030246049152329302,0.8325920059365219,0.09957731782049058
0.03696211309851998,0.8326440428428112,0.09071944618179238
0.02167906996382622,0.8322997410213862,0.1058312766481491
0.022546561556877388,0.8211227024956849,0.10517845100298301
0.030887006842432715,0.8218882845461225,0.0987194527863681
0.012736311006907319,0.8205639342584261,0.1081396960730726
0.013253341326575529,0.8099573557893093,0.10573553816072997
0.022975643420106946,0.8104740377792804,0.10262659901606132
0.002710186972953194,0.8100039160640894,0.10597382352522082
0.0036189876894827636,0.7999339003768201,0.10348155991745883
0.013755713570169841,0.7999384121249469,0.10307243696305722
-0.0058874409200645956,0.8004526562195687,0.1007670508224371
-0.004621516168303309,0.7900667882311573,0.09953572731359052
0.004582423053188253,0.7897421493019124,0.10191340793270467
-0.012254376145243964,0.7905411761924808,0.09446546634256345
-0.011270952495977996,0.7801186588140632,0.09412049510550109
-0.003797998803473833,0.7795047288089189,0.09875573911910179
-0.015166003074292556,0.7812672833362212,0.08726770709818311
-0.015894909220834624,0.7712224615918618,0.0870326859416319
-0.01120299232509509,0.769375128210676,0.09354800953102711
-0.01570035657477322,0.7730434242614773,0.07930352901633245
-0.018774554893001595,0.7617116409578415,0.07912591219650651
-0.01832281963947774,0.7595186868110584,0.08630933840159573
-0.01322580682317459,0.7821325809498039,0.0794982675065118
-0.012121120908216708,0.7910144325380462,0.07929565730913539
-0.015541782842713106,0.7909975443375864,0.08723520286748761
-0.012908659359049631,0.8003455032673977,0.07759953847308608
-0.016489227577977786,0.8009823303639503,0.08644312760407924
-0.018262854782815235,0.8109167490273518,0.08519557795459673
-0.013522966001743807,0.8010281609959137,0.09465285526664977
-0.015027417627788187,0.8112169861437363,0.09515763114559694
-0.016545194777530085,0.8210836590185631,0.09597858755812574
-0.007174686509753273,0.8106215777161478,0.10255519702184902
-0.008166105473234911,0.8207337984741983,0.10395053296220627
-0.008676473031054363,0.8309764264585027,0.10379007313020307
0.001993273797746469,0.8203832644801842,0.10799273064946936
0.0012736955177964529,0.831039179826302,0.10812193081870286
0.00017433981232041788,0.84161758103068,0.10744799835945078
0.01177953840505059,0.8316502847512419,0.10852515181336367
0.010201796398641456,0.8424705148597799,0.10746483489666273
0.008598735897199462,0.8529443758776352,0.10667685100582025
0.020233250642077427,0.8431072286546065,0.10462844165497408
0.018927349319209384,0.85322524139575,0.10357714717277954
0.01835435179998888,0.8631149860957302,0.10346385015386256
0.028123293226480543,0.8530455877381231,0.09830111143847477
0.027614258221032736,0.8627750123052844,0.09861641258162826
0.027767501743615735,0.8728058811190378,0.09949247365021595
0.034323659405374664,0.8627716532648749,0.09062766836096328
0.03420372969204966,0.8729045640028045,0.09190296414554613
0.03460749306024162,0.8833767314163897,0.0930738682197065
0.03840126965841528,0.873762967457154,0.082822311145602
0.03833197693516073,0.8838748952969788,0.08390849220295979
0.03879437260764829,0.8940340543848999,0.08434679552203699
0.03965653399121761,0.884802081749208,0.07422382298499598
0.03984575642779716,0.8945492496333016,0.07461898508387294
0.03977646370454261,0.9046370837958556,0.07492440633955413
0.03638112026507907,0.8950686823239613,0.06595054614339318
0.03631849030367328,0.9049277129973857,0.06633179437697236
0.03611994000050641,0.9148760738340438,0.06646871247178271
0.03094164148961337,0.9050012722837523,0.05776564257975058
0.031284107448775925,0.914713972130929,0.05768792327607738
0.03199968807161101,0.9244253000959355,0.05709583886086409
0.02636965430719884,0.9150237402396773,0.04918715806851171
0.027477005326895277,0.9248533821313218,0.04879433719521136
0.02865231651747936,0.9352559899139888,0.048900882942595245
0.02048776814480133,0.9258262832943625,0.042735352734038966
0.021946912990252372,0.9364716491243498,0.043139117953610674
0.0231648658566865,0.9473177387704389,0.04446263421352323
0.013746385703577791,0.9376650778265152,0.04100606010856123
0.015112251883108337,0.9483361220930628,0.04223854934579605
0.016130321893999214,0.9587859670683326,0.04321901316505207
0.006791794883108752,0.9489130271294433,0.04450088640933927
0.007873827407772333,0.9593239216893762,0.045169733459212213
0.009101108140793774,0.9695975512397873,0.0458366370859054
0.000718021179393132,0.9594565276063194,0.050875104357497425
0.0019506321218964217,0.9699345476529113,0.05138502254791796
0.02499979047055336,0.968231069342166,0.046483455817258275
0.02416827779150348,0.957836481815992,0.045621300263053166
0.01721901718051629,0.9690492656413229,0.043948601937533416
0.03128943765825304,0.9671380606500853,0.052002048044947055
0.030743091186441765,0.956513709777246,0.0510331623172836
0.03564288625194496,0.9551335886730179,0.05795646117920687
0.03425436668212011,0.9444881891564024,0.057292844832839196
0.029767662851400936,0.9459164172911494,0.04988823497657635
0.037305911610049446,0.9436865829006283,0.06577087720503676
0.03600134283954832,0.9339055861768066,0.06603818065530426
0.03292581196895303,0.9342730986738159,0.05686149844641563
0.03879837026475849,0.9340419396636834,0.07524419531298608
0.0390009182250403,0.924630110894498,0.07552021830102726
0.035813452955340414,0.9244870807253449,0.06631157360673663
0.03886100022615955,0.9244953924822136,0.08461971997929163
0.039072876053033403,0.9144193325865132,0.08452611557182606
0.03944066050722882,0.914853352674687,0.07532642997278395
0.03498993559051093,0.914314088092874,0.09289521348819013
0.034759404030452974,0.9042909989163734,0.09299188819167253
0.03889831169252775,0.9042213745316242,0.08431188814437303
0.02778482492442819,0.9046402406433146,0.09985545663876473
0.02819791615921694,0.8942633827044704,0.1003377717915266
0.03486867332481428,0.8940134574668052,0.09335508235329507
0.019151218117413847,0.8945582098569466,0.10420200949534017
0.01909525091786155,0.8838716252111665,0.10406897286822815
0.028215239340029397,0.8834172092661844,0.10026553994334796
0.00896785290376652,0.8845839162348853,0.10622932271300153
0.008349548603957407,0.8740075171931063,0.10627027352025925
0.018563562522124172,0.8732732343699315,0.10372892405924872
-0.0014007370893454254,0.8745372381147056,0.10690845487846734
-0.0018884512568705745,0.8635203912027329,0.10757669719334885
0.007911138874140532,0.8634251771262861,0.10644851035582051
-0.01030351947515757,0.8634038727190864,0.10341036097147666
-0.009849119116895151,0.8521681930039229,0.10326288798185762
-0.0012248401764728576,0.8523862012619234,0.10747000028051257
-0.016719759138035743,0.8522003092741964,0.09492482369063264
-0.01654919243464029,0.8414634596700074,0.0948626776008074
-0.009074906189764483,0.84137066473346,0.10306513871064613
-0.021107854093352568,0.8412721553818626,0.08458289980982116
-0.021094528569650314,0.8307611402404096,0.08489401870878788
-0.016911646679353853,0.8311084744242093,0.09570333929262209
-0.02269625651872066,0.8416762442340309,0.07374564208456237
-0.0222218678749025,0.8307985787914816,0.07275276940110119
-0.02137702967215037,0.852211702939715,0.08492648515220041
-0.016939630279130004,0.8631998922671282,0.09502823063381283
-0.009849119116895151,0.8744127047532404,0.1024849746352517
-0.0009956411687818136,0.8850525394593165,0.10639876039570095
0.008937204199251814,0.895041838861392,0.10621164854000377
0.018768775587144536,0.904916565113508,0.10400229663418994
0.027662230106364632,0.9145922304394171,0.09941535250128439
0.03488466395325983,0.924431990361452,0.09283668482489112
0.038542520209667676,0.9342543049805386,0.08420728242846
0.039756475418986865,0.9435402653779748,0.07469187538387373
0.03897293462526415,0.954088749288954,0.06579347331347134
0.03622387908538587,0.9659067629728603,0.058844610168733394
0.030930981070649673,0.9778017179128216,0.05360369823056397
0.024687973215910246,0.978517295864032,0.048278980669552114
-0.020239029947934487,0.8207325808029153,0.0849640707582697
-0.004886694089986173,0.9594449091746683,0.05829625217116831
-0.020638795659016253,0.9187835757553888,0.07693683210803581
-0.017987016442168675,0.9084426239073121,0.06726743419901525
-0.014181246872659677,0.8984189145719886,0.05736183581854606
-0.009306770302194083,0.8881902235253591,0.048007666936496315
-0.001981729922786339,0.8778512787226355,0.04074754646183871
0.006554600561197304,0.8673461310055438,0.03761260644958911
0.0157172306592152,0.8581578448734395,0.040613893919642714
0.025420877019562513,0.8488828421957672,0.04562382151151267
0.03479671549682117,0.837906099608425,0.04986447525016579
0.026616176495697603,0.8400974563280684,0.04237723130413845
0.04112367415088906,0.8259236417942603,0.055950697145470685
-0.021683516717311634,0.7490075977160983,0.07545484704566112
-0.004921340451615816,0.9491353355965814,0.0986940389764217
0.004058729971671283,0.9801021993889575,0.05191789373999205
0.008991838846432468,0.9880123610482842,0.05420297191991418
0.02177368118211836,0.9962798005408839,0.08338144782861533
0.02570337812205783,0.9967044020929413,0.07543176315118416
0.013667765113731191,0.9963159319636159,0.0783414751299116
0.02722382037654302,0.9909455856042265,0.09479897684992987
0.02883754129694871,0.9934216588782245,0.0867185744774148
0.019087255603641145,0.9947891818061521,0.09209896795258701
0.008105691520197198,0.9947629183119776,0.08786419607354275
0.02164042594509111,0.9872451545375107,0.05224279643076407
0.03788290678638016,0.9807134267421184,0.0860524784810628
0.039603231896403863,0.9720984276573037,0.08454532985694037
0.03831865141145848,0.9824942732680016,0.07829688106450672
-0.021852750868340175,0.8324644735464827,0.06163570028189142
0.01228857341049366,0.766246571689373,0.027206431406070226
2.440556553318311e-06,0.7660737408536286,0.03007103475037601
0.012540425808474273,0.756440226884935,0.025187176658192593
-0.00042131109719439316,0.7578102968361086,0.02902443976746663
-0.0005372431534091937,0.7491665422221958,0.02635677317800659
-0.00167790798236363,0.7406872565084097,0.02252890524956544
-0.012269034221317861,0.7389090613208266,0.03154909840484627
-0.013497647506710949,0.7510313986808386,0.037620516926093514
0.008759974734002866,0.739326034897005,0.017840082882690553
0.02334209532193071,0.7658304293118169,0.029668545096031118
0.023355420845632965,0.7553472483413969,0.027670172469283612
0.03239145846847236,0.7652325964355655,0.035337779405910624
0.03210096205175191,0.7550950351689902,0.03419176743966427
0.038995588015558455,0.7550000068632843,0.04298323658109581
0.039735154581064205,0.7454519230476809,0.041928737758755226
0.03161058277949294,0.7442160312479826,0.03167710595230977
0.041839254773728865,0.7368858046541708,0.04084775478003194
0.0335840928398689,0.7336509087457248,0.030567988878061753
0.04485881844477186,0.7294643119062072,0.0397567558226446
0.037643047359730154,0.7259812399884323,0.031190648256395743
0.047208108273568375,0.7372079074573424,0.051166821976136874
0.05052216601844202,0.7294257307690236,0.049146252457911856
0.05214254970069647,0.7261268567387852,0.059139222361067716
0.053676317478883906,0.7177025091584167,0.05612926404097937
0.052870123294866886,0.7216556433463148,0.046130188996560614
0.0538961886199829,0.7080888700370928,0.05274444358787359
0.052738200610211276,0.7123254162704313,0.042157547259037885
0.04961603040665574,0.7218784171321835,0.06949164876452246
0.050480856894963615,0.7125424344491723,0.06771911166226516
0.04551843186805937,0.7194264294674443,0.07987194168096114
0.046467209155695695,0.7090513928731236,0.07943344084195589
0.039876405132311867,0.7074627931553206,0.08903097285587444
0.04052802324137424,0.6963043163342307,0.08886710309578641
0.04738000752933547,0.6990461448182707,0.07836135715731465
0.041920540468314026,0.6856109916669239,0.08745216880734542
0.04967999292042845,0.6895448201420473,0.07707607773603407
0.044938771586990105,0.6756011965497312,0.08551527058819704
0.05293675091338288,0.6803962119445917,0.07545846622979073
0.05676384132081454,0.6712016864206345,0.07271107612046428
0.06029377254967697,0.6723876531037293,0.06130203224510019
0.05689309890073159,0.6826112338280195,0.06360159823776167
0.06053629708106554,0.670456100946671,0.04850485019426824
0.05594698671783382,0.6820223153933062,0.05069075116135673
0.06579055107706189,0.6628494418864332,0.05933733566504009
0.06732964906473117,0.6603435695067866,0.048824534493283264
0.062320584704861945,0.6624272003820353,0.06925654756032824
0.07040118227821626,0.6546275226236095,0.06644185786961065
0.07281310206841383,0.6542877021221218,0.05782191158683466
0.07617246659388081,0.6448012878975304,0.0644413636909448
0.07702130245374315,0.6442780738104856,0.05617018263956277
0.07444148106489341,0.6337813269512222,0.06248978820713028
0.075063783021808,0.6339493056344722,0.054140349005844315
0.07012001372808785,0.6247483095820143,0.052189870249585026
0.06931248699169917,0.6267533998668374,0.043237777795681685
0.07400307133507181,0.6357003430030124,0.045530730445322715
0.0664355064242755,0.6309698408949949,0.034909694664833346
0.07096884958795492,0.6399209821252092,0.037747646694368704
0.06096804404903366,0.6369701067450174,0.02851645323796604
0.06521222334836425,0.646288629616641,0.03229060346679225
0.053762933382955645,0.6434660140791579,0.024389973858318165
0.05766731182786226,0.6536528659381677,0.029334885982528223
0.04618204294845709,0.6490494148451552,0.021842058400600262
0.05079667180672166,0.6607280070761417,0.0274067680242341
0.05004777737462386,0.6336872471864095,0.020772821733599154
0.042390931455021985,0.6384662442187262,0.017300333867333356
0.03921945681376764,0.6286475473789954,0.012931821762994199
0.03145600670453829,0.6316644300767752,0.009372653727122303
0.034502221422990524,0.6414836540135445,0.014855192239938836
0.04679368448641271,0.6241338677004651,0.017190463967747743
0.04404729405127299,0.6148075121137669,0.013193815600314436
0.0371206868305801,0.618776724605197,0.0077733692507507965
0.050624772550954565,0.6097338701616293,0.019426274198332826
0.048246166570014994,0.6009589206481581,0.017404261673588797
0.04226966918932534,0.6048858461172,0.010023826031624371
0.05280882588583747,0.5967455330044231,0.026566518064321178
0.052390404441571614,0.5882640508632763,0.02561568201850383
0.04759588101331953,0.5916148392951321,0.01662586496174091
0.054846298459986134,0.5849572867232197,0.035628681968485135
0.05399213239064196,0.5762479706460752,0.03443118567178784
0.05246102971719307,0.5792119359154814,0.024609213157833768
0.05278750504791008,0.5736784831254551,0.04451360052766612
0.052695558934361224,0.5646386956560893,0.042556943878210046
0.05308333167411239,0.5671699447104919,0.032805207630089525
0.050386245676676204,0.5623511181520643,0.05227275209813658
0.0500411146127751,0.5527154171686908,0.04849360668928406
0.05252099457385557,0.5551004547861712,0.03957283080023522
0.04685231679070356,0.5502987644065309,0.05723065403698484
0.04627132395726265,0.5406942915959854,0.05254786144002221
0.04970531141546604,0.542712822292727,0.04437791737181864
0.04159140003285372,0.5390851317620619,0.06026257903057013
0.041739313345954876,0.5290532338070159,0.05640289737575326
0.04591020226492073,0.5305426981365341,0.048479595511914976
0.03490864989592577,0.5284925130168061,0.06254100147381036
0.03436230342410977,0.5191492845169239,0.059643812722768676
0.04118763666466176,0.5192530175690372,0.05326824865415322
0.025392893419786365,0.5195356331642363,0.06266671705252247
0.02460135731184324,0.5103341032913967,0.06086815417299637
0.03312436227212463,0.5100575225618595,0.05743290832643454
0.015357441519240188,0.5107569215723926,0.061196408614998074
0.014789774209501526,0.501116965666068,0.05964934164999166
0.02373519827116372,0.5007553108279121,0.05929544677497779
0.005977605384871326,0.5015292759026577,0.05772560670773133
0.0055898326451201685,0.4917241291685742,0.05593421526555021
0.014108839948291357,0.4912006511070014,0.057750596477276574
-0.0022642310252863913,0.4924629700244424,0.05199258387106742
-0.002761273059398856,0.48267244747719695,0.049941264233237116
0.004846268422504205,0.48167981562598045,0.05376829636322282
-0.009289447121376894,0.4842496310961229,0.04400169906011301
-0.010139615533615608,0.4743788692551536,0.04189616590584024
-0.0036980573757045753,0.4725699732047853,0.04761174492403739
-0.015183326255109745,0.4764949147707572,0.03478510289716416
-0.01610945015245177,0.4663969355446162,0.032550172479739466
-0.011055079011993936,0.4640307323100309,0.03947732343965822
-0.018865168454178804,0.4691147803280302,0.024325913835208064
-0.019636716276570917,0.459124135158321,0.02172262953390512
-0.016499887996941482,0.45628999694030875,0.02962501750048433
-0.020862664457225448,0.46178341284887275,0.013257483513302153
-0.022260511893642344,0.4511257413380711,0.011020165589016492
-0.020756060267602697,0.44874444612485376,0.019132051331955446
-0.020582828459463954,0.45299980352889263,0.00299889647170567
-0.021047889236690064,0.4422954736556794,0.0005046377075986903
-0.02271091459479456,0.4402415824377421,0.00853884547548773
-0.0168796654224675,0.4441982169960829,-0.006877148231933522
-0.017178157153413098,0.43407988946918774,-0.00994083069206833
-0.021141167902610565,0.43192730234680604,-0.002429804316430687
-0.011330917352640496,0.43589252091756,-0.01646663239033295
-0.011809303653568862,0.42623761662596493,-0.02009642890272662
-0.017551271817090357,0.42423582006188837,-0.013305783586979782
-0.0048373896522873674,0.4277941326284584,-0.026165144775258945
-0.005178523059078275,0.4186080924634509,-0.030086574364695327
-0.012522219171670118,0.4168926742818712,-0.023826465385973064
0.003176580302550952,0.41977858429998044,-0.03556826200478629
0.0026049153357020887,0.4105438442617437,-0.03962802289983015
-0.0059833846907236515,0.40952882316478734,-0.03397658364004229
0.012112676497616357,0.41091647083218213,-0.04377694240962688
0.010868072583782463,0.40065306228254705,-0.04756877827772519
0.0009871967581861984,0.40103215301097056,-0.04339182948339
0.020013379500983166,0.39960905600760616,-0.048697306794384075
0.017974574374462857,0.3894931316276793,-0.05130393010915882
0.008538771040536961,0.3904946703450726,-0.05115595040553373
0.02164708870693987,0.4104350277806643,-0.045370830861426285
0.02776217153413389,0.41937686045140726,-0.03822063081466303
0.02690267525530786,0.40861951484918474,-0.04167406179850201
0.02178967181055917,0.421019520962532,-0.04159134377344323
0.02068631844797293,0.4308792277749426,-0.03778672473713844
0.012273915334419763,0.42062063415308837,-0.03964902341845571
0.011708913129424393,0.4298840720427635,-0.03545349119180041
0.010954688487849466,0.43889000993653915,-0.031571091775895024
0.003045990170262254,0.4289189946780372,-0.031454702307259434
0.002802133086502047,0.4381150715575714,-0.027651924289583726
0.0030193391228577502,0.4475119153525165,-0.02444186330405463
-0.004609523196972702,0.4372440158605283,-0.02249829088222635
-0.00415512283870555,0.44690452622138255,-0.019322930484843338
-0.0032356617032170193,0.4565618277154393,-0.01675787063723284
-0.010920491222595035,0.4457777320717987,-0.013387065961338885
-0.010154273609689506,0.45568657420727304,-0.010881961790620568
-0.008965636895403174,0.4656576137397227,-0.0089661809331673
-0.016234710075253882,0.45447099503801874,-0.004344641023092462
-0.015104705665263143,0.46485925782247034,-0.0024044024457974865
-0.013802801999500567,0.4751370280721769,-0.0009499712537869005
-0.01948747041109812,0.4637043042416681,0.005018759136560928
-0.018068302136753835,0.4739506738513993,0.006837147253820564
-0.016366632759914228,0.48356970022035695,0.008712136677297576
-0.019519451667984473,0.4718174024203052,0.015487420095375293
-0.018505379314203794,0.48143364327028154,0.017592958911242133
-0.017731166387073127,0.4908037660406872,0.019522559863290614
-0.018196227164303976,0.4789086195253013,0.026501145118007153
-0.01754727415997542,0.4885159263328115,0.028428166421927824
-0.016871670108247097,0.49792322693493035,0.03033225305363303
-0.014362473995018825,0.4862566343726738,0.03668066319412335
-0.013861434303796159,0.4956963081401536,0.03865920357687794
-0.013830785599276718,0.5050989288439204,0.04094043234815412
-0.008909669695850875,0.49376031450729735,0.0460531574784562
-0.009065578323172433,0.5032402221802503,0.048333979886688166
-0.009333421349598586,0.5128930286280363,0.050804450842514164
-0.002249572949212494,0.502098666407978,0.0539967450127308
-0.0022682286823965934,0.5117240107953147,0.05605959369833799
-0.002000385655970439,0.5213278511320146,0.05834109705838595
0.006256108830256442,0.5111579816669136,0.059413985327923156
0.0066079026560110455,0.5204962203654461,0.061615598362554265
0.007054307700053059,0.529741030521922,0.06454928399349369
0.015895792676831055,0.5199644962194953,0.06313086193254513
0.016328872197170816,0.5290947798634059,0.06582528698425519
0.01671531238455033,0.5386363557127903,0.06944368622313495
0.025841963568566936,0.528703810622986,0.06521835778991131
0.026073827680996538,0.5382836586252162,0.06876592954783875
0.026541553562961204,0.5483521979022565,0.07325838967311839
0.034734085535415384,0.538233639664722,0.06609572067806953
0.03540702448240515,0.5480109495384351,0.07070298056002829
0.03622387908538587,0.5587797724552799,0.07481863888020215
0.0425868166534503,0.5484694758943469,0.06515041236116391
0.04411658677452754,0.5587510370962118,0.06986029405924234
0.04452168269509115,0.5703049857760838,0.07326156407772423
0.04808492773321159,0.560100599373343,0.061940392920545005
0.04926823423801607,0.5704802213164699,0.06527854368805196
0.0498465619667137,0.580542928130534,0.06663416284146813
0.05081266243516248,0.5717248491460521,0.05488860803518974
0.05197331554967266,0.5807563988819681,0.05629229111981252
0.054483844215272574,0.5894675252633709,0.05732720426192282
0.0538175680301363,0.5823831626864726,0.04584304571059615
0.055215415466553196,0.5909056437600341,0.04698822152555925
0.05745277089624511,0.5991874910275369,0.047986747198591355
0.05499687687783058,0.5933805507398048,0.0366584457928627
0.05687844082465769,0.6015292637185691,0.03768032516900795
0.060622912985132546,0.6096317360211472,0.03903159265650023
0.05522341078077833,0.6049232521100383,0.02778280026593717
0.05861475656312694,0.613422416139368,0.0298155908240293
0.062247294324497195,0.6221885536890355,0.03244263681907835
0.053676317478883906,0.6186796869176284,0.022518775243899735
0.05701302861405659,0.6278324317803734,0.025683479686598173
0.06550005466034142,0.6158296972824522,0.05046977408015567
0.06115060372376445,0.6073858510692157,0.04907366150675824
0.0648284482657233,0.6180347123868916,0.04101824897697017
0.06509895639688801,0.615257085312396,0.05992204425326193
0.061285191513158616,0.6064932671175002,0.05900334181530686
0.0575114032005407,0.6078697793591327,0.06736065116939242
0.05446252337734992,0.5989552126434879,0.06717032499504529
0.057739269655855366,0.5979336909426692,0.05815285918515772
0.046629780544866016,0.6017039359924164,0.07368946720880444
0.04504271067186957,0.5920762410400124,0.07447433465888667
0.05155622665777844,0.5899502928507396,0.06702977900253021
0.03560424223320985,0.5937074399465299,0.0780477083466294
0.03575748575578811,0.5826059694500445,0.07884165725354708
0.04430847431585038,0.5816418542793633,0.07465978900336402
0.026039181319366896,0.5824952309173845,0.08109694927531871
0.026858701027086165,0.570685010247506,0.07989710106887578
0.03621588377116547,0.5706594366219205,0.07782109024132311
0.016807258498099182,0.5702732839368665,0.08015778459587304
0.017128403619334345,0.5592380862869004,0.07758930894886093
0.026957309902488513,0.5591395725452001,0.07710077343934586
0.007001005605239316,0.5593897202856689,0.07652245504906925
0.0075127057154256785,0.5490872268570998,0.07264687272354378
0.017040455162895696,0.5486436474718782,0.07394579637401145
-0.0013487675469080627,0.5502623331292255,0.06854970187156137
-0.0012195099669910102,0.5404326510406138,0.06462632616960513
0.0074634012777268725,0.5392388779699859,0.06821455312723089
-0.008503241222915618,0.5419887369719476,0.058982702640111566
-0.008552545660614424,0.5323437686179107,0.055721975994718544
-0.0015673061356306773,0.5308373240879007,0.061176113465249204
-0.013081891167183642,0.5341307019556133,0.04811026421989107
-0.013640230610330253,0.5244821803663162,0.04569440613730185
-0.00907757129450304,0.5226637650028629,0.053147707515861786
-0.01613876630459483,0.5264944167527944,0.03683422349474906
-0.016523873939607428,0.5167860559036811,0.03469585476199146
-0.013977366360010958,0.5147357869218449,0.04341898258280037
-0.016873002660618742,0.5186674180509476,0.02552853638380689
-0.017164831629706112,0.509294652576086,0.023349758589094573
-0.016685112776410833,0.5072691665742776,0.03247785762474481
-0.014734256106324442,0.5110438556493366,0.014137827676239265
-0.01470627250654829,0.5019243053118853,0.012217569819040095
-0.017166164182077757,0.5000469197476949,0.021380869576592694
-0.010414121321890521,0.5035462283569881,0.0033820930876709092
-0.010680631795945032,0.4942802857645394,0.0020049612497801336
-0.015052736122821046,0.4928179878879079,0.010533107414920098
-0.00483472454754881,0.49523561282262557,-0.005622366628470777
-0.005990047452577144,0.4854960574873121,-0.006597237046322292
-0.012101132622660963,0.48488458292812125,0.0005325665745387659
0.0011297798618055029,0.4858503125838951,-0.012719597300707782
-0.0004399668303784929,0.4759309842715409,-0.013670868796358253
-0.007570454563724835,0.47565469008971345,-0.007674180102721513
0.007012998576574657,0.4759033949667584,-0.019171575954344225
0.005400610208540615,0.4663320275106353,-0.02034588372589955
-0.0019324254850875328,0.46619944650338324,-0.014894972106948672
0.012945521729042618,0.4657426526772211,-0.025233319680134498
0.01150370006440403,0.45675894670622114,-0.026408052144172127
0.003942797915456483,0.45697378410097433,-0.022043679820463288
0.019360428839549148,0.45599567608563607,-0.028633429914717245
0.018723468806555933,0.44794890666050097,-0.03054200486934705
0.01072682203253007,0.4478012368598748,-0.02846774829597079
0.02491184201411471,0.44726492226935916,-0.027572106007167786
0.02562342497984432,0.43916692208377267,-0.031114143386019796
0.0193177871636991,0.43984371699103464,-0.03393075880622083
0.029511812796305388,0.4366591773321046,-0.02449540464561535
0.02978498603221339,0.4273296118168563,-0.027581890286626057
0.026538888458222647,0.4298981093313981,-0.03481126587726288
0.028480417261712257,0.44487478381213147,-0.02088868965396079
0.028111300255145202,0.45366183554197864,-0.018339042728251632
0.025001123022925006,0.45520376345068353,-0.02566163101157982
0.028368482862612395,0.46311079472664646,-0.017635821412169597
0.025556797361328324,0.46383126920441775,-0.02583092219857396
0.026148450613732936,0.4736120347216797,-0.02614219926924302
0.02052507961116953,0.4645622132271243,-0.028486581261020747
0.021936252571288676,0.4741608699936337,-0.0287116163012569
0.023596612824654615,0.4848131914116039,-0.027998731229982643
0.014661849181956121,0.47523116049861114,-0.024611593122868078
0.016404827682274126,0.4855734779315237,-0.02380646328445817
0.01808517622119581,0.4963767640025311,-0.022260182648091403
0.008616059078016651,0.48595340969398937,-0.01820233559678284
0.010061878399765441,0.4964203730844377,-0.01700741788645252
0.011030643972952777,0.5068254333408049,-0.015167210436894115
0.0022771074526134324,0.4959824469717019,-0.011845401241781333
0.0027128520776917506,0.5061009240364653,-0.01052738730191076
0.0027781471438360996,0.5159522009741693,-0.008072618152190587
-0.004597530225637362,0.5049375475872159,-0.004452743072179374
-0.00454689323556691,0.5144299455101483,-0.002077373809738154
-0.004530902607126102,0.5238651161633454,0.0013257084234978645
-0.010286196294345115,0.5126897419421195,0.0055514156873837876
-0.010106301724357612,0.5221398323897174,0.008497347693887762
-0.010959135241334881,0.5321372453230748,0.011120584973162923
-0.014399785461387024,0.5204313967594054,0.0165923699363191
-0.014675623802033584,0.5303467824582276,0.019074785998565665
-0.01493413896186769,0.540683373653719,0.021832162151006508
-0.016563850510714184,0.5284456381725484,0.027774476041148802
-0.016911646679353853,0.5384684042822807,0.03040424287125522
-0.016689110433521035,0.5483189401840747,0.03373184978422773
-0.016093459524006228,0.5361633887644829,0.039337923724250656
-0.016008176172310866,0.5458493924269,0.04254646435149359
-0.016345311921986835,0.5556510729730896,0.04595961266896069
-0.01317516983310414,0.5437551988684806,0.05127915111652737
-0.01386276685616307,0.5535957611120823,0.05473740240682204
-0.01483153242935514,0.5637870640693056,0.057487547037828
-0.008877688438964523,0.5518348185203588,0.0624769043220626
-0.009749177689125895,0.5620056263282965,0.06563758851654035
-0.010567364844473522,0.5725744901730649,0.0674582787208736
-0.0023002099392829454,0.5603529046156931,0.07241707045466353
-0.0032436570174374235,0.5708071958763341,0.07475007024719747
-0.003752692022885229,0.5812575663210577,0.07583047411281808
0.006265436696848492,0.5700069169888413,0.07891856170762915
0.0054179333893530695,0.5804756726370232,0.08070779656657606
0.004362551912093992,0.5910301321783317,0.08232334660498147
0.015854483553352654,0.5813645698085417,0.08224224214309302
0.01458322859210952,0.5922336234965563,0.08311789387638246
0.014032884463183312,0.6027861730183905,0.08386328523194107
0.025073080850918115,0.5936687339714345,0.08057046836089793
0.02495848134707496,0.6039858984372408,0.08064681422799984
0.025837965911456734,0.614132260627354,0.08194602556111183
0.036183902514279116,0.6037867294448899,0.07748833608657212
0.03748180852292675,0.6134488757323543,0.0776800618852072
0.04008161819733223,0.6229695284847991,0.0790931664781978
0.04863660441450471,0.6109288750526125,0.07309727501036979
0.05175610951331695,0.6199448167531233,0.07381343363235528
0.05664257905511789,0.6290143190432904,0.0745786157601784
0.0608721002783746,0.6167427685950874,0.06800693516171116
0.06526952310028347,0.6256049714467611,0.06862928959297253
0.015265495405691337,0.6235319298553313,0.08797445891035845
0.014444643145600417,0.6132047000841289,0.08547688484089788
0.02755829102148517,0.6242370636672185,0.08421156922812208
0.004391868064241787,0.6224581163335486,0.08827327043101497
0.0039494606773099765,0.6121898613629209,0.08584068224976037
-0.004790750319327118,0.6123774295474064,0.08121700797681806
-0.005202509001744222,0.6019960803133811,0.07957789404751797
0.0036562991558509632,0.6017492570779454,0.08408328107418754
-0.011993195880666569,0.6034295712106776,0.07165355391261619
-0.011885259138676905,0.5933303898801761,0.06995032556061377
-0.00455622110215896,0.5915644337789874,0.0774966310716723
-0.017688524711227813,0.5953322335775675,0.060887646801251236
-0.017272768371700508,0.5850351185497834,0.059809102283707255
-0.011225645715389391,0.5831497264587027,0.06846340209682814
-0.020697427963307105,0.5866027073444441,0.050017125406761696
-0.01921163207045156,0.5757615991487763,0.04964104078635746
-0.015994850648608616,0.5743444212297453,0.05889386822707031
-0.01911035809031066,0.577147865238404,0.039831361285367
-0.017448665284577808,0.5673064894898772,0.0390062741520561
-0.01764455048300612,0.5654760005009174,0.04847182090377968
-0.013892083008310865,0.5693026190518653,0.029617145593358735
-0.013309757622503039,0.5600407454685334,0.028000129619162976
-0.016383955940726683,0.5579022896884118,0.03693160215578739
-0.008713784497417828,0.5618237986832065,0.019397005578175718
-0.009765168317566703,0.5524270909794432,0.016973160642794055
-0.014069312473559812,0.5506617767647803,0.025148436191474336
-0.004305701256549994,0.5534975470884014,0.009699691263594799
-0.005275799382108976,0.5436604796235631,0.007159562872133467
-0.01113769725895074,0.5424564855521593,0.013872722071183268
0.002343735071129427,0.5444724764449187,0.0019249531691548363
0.00242635331808623,0.5349347890694919,-0.0009538897266534465
-0.005119890754787419,0.5336491808499404,0.004429792939328013
0.010937365307037013,0.5361305082526436,-0.0051857586078869105
0.011283828923305036,0.5267098006423186,-0.008879417317654601
0.002696861449250942,0.5254706823520374,-0.004538049445841124
0.020373168640958176,0.5280055525807884,-0.01208040236485613
0.02048510304005804,0.5178372344013528,-0.01654168873979953
0.01141708416033229,0.5169365880856763,-0.01245395638095771
0.028324508634390705,0.5183471639848629,-0.019921104251571155
0.027602265249702128,0.5069859589916555,-0.023920379400445294
0.019664250779971852,0.5071732782758842,-0.019974289618568623
0.030548538540380366,0.5057118299273156,-0.02218267076967785
0.02892815485812592,0.4946743919019318,-0.02416347091905474
0.025494167399927267,0.4957316148844114,-0.026350448017652534
0.03067113335844866,0.4937735866357064,-0.01655775084066526
0.029501152377346428,0.4832114291258366,-0.017356394510474986
0.027254469081062466,0.4840574420454226,-0.02549885252719458
0.03359342070646095,0.4818060041719652,-0.00916302264255905
0.032226221974558766,0.4715997539611358,-0.008926797544327014
0.028657646726961205,0.47311435830699416,-0.017644443780967606
0.035969361582661966,0.4693722396343114,-0.0007131124069563003
0.035273769245377895,0.4589844522137453,-0.001042275399347339
0.031617245541341696,0.46122602619265085,-0.008862926077372596
0.038795705160019935,0.4672716523333285,0.0075638687654436924
0.038046810727922126,0.4573391962013909,0.006396789825983181
0.03882635386453464,0.456404590120475,0.01467030558932853
0.03798684587125962,0.4463028488159612,0.012987079259114003
0.03725127696286879,0.4462396868917007,0.005029298601003765
0.036545024206621035,0.4362250960948275,0.012064624721306923
0.03628784159915858,0.43424215642018593,0.0047006039662305776
0.03681686489015739,0.44647799426354684,0.021967685491214063
0.03598801731584607,0.4375988942247412,0.020412620350236537
0.03399585152228601,0.44523362538264555,0.031139650081111626
0.0356069073379484,0.4365014584254785,0.02889087557806904
0.03393322156088022,0.43339793087230954,0.03548609543738914
0.03627318352308468,0.42413271636500455,0.031712997492135735
0.038551848076254995,0.42752983740316636,0.0262129397228558
0.03830932354486643,0.4143976595441357,0.02753860095662311
0.04192587067779587,0.4179434919091506,0.021936485905979543
0.030989613374945265,0.41151624719172275,0.032279047000299196
0.031729179940446293,0.4017900029004894,0.03003416663279892
0.0389556114444517,0.4037410707483689,0.02347965307058166
0.03135473272439739,0.39170093535336786,0.028226944582503008
0.03775631431120167,0.3929113719282348,0.020711543894584086
0.02297164576299201,0.4004955498093429,0.03297529354693564
0.023330102350600106,0.3908892392353337,0.030984303607084894
0.013942270902006105,0.39088197077209996,0.02884156799432446
0.014126163129103812,0.38071213011087285,0.027132048304300348
0.023160868199571562,0.3803997318956069,0.02904992764130499
0.004149343532848491,0.3814266369531459,0.025405277506190996
0.0038202030973929243,0.3711024045162906,0.02373121642500112
0.013502528619817584,0.3697033425206963,0.02629177811099192
-0.006515073086465759,0.372834972959088,0.022253613835716984
-0.008204749491974757,0.36368015049247554,0.020721319533658498
0.0022597842718009784,0.36071661090739526,0.023020927703704036
-0.015645721927592567,0.37524041874839953,0.018734972623544024
-0.017832440367214028,0.3665060030648863,0.017325729541224952
-0.02152094532814132,0.3776424559575652,0.011273272367553338
-0.024496534770962614,0.36843228227114744,0.01011172377317234
-0.02539200996378993,0.37975151326031037,0.0020727751041836147
-0.028439557234609072,0.37015583493287546,7.63989784463914e-05
-0.030521004036979427,0.3724272075247791,-0.010187010632936257
-0.033334022090635136,0.3625370432280724,-0.012941403746478012
-0.031480441743579446,0.3606770245533085,-0.0014888386853088072
-0.03529154152257029,0.3524013984213986,-0.01575047413424682
-0.03362451850735086,0.35128609970287356,-0.0033197200248001463
-0.03644819697996554,0.342066291208228,-0.017972164631939812
-0.035174276913983844,0.34209347018587194,-0.005199616519185507
-0.036600107950176895,0.3423876732187008,-0.02907949936752617
-0.03697722027096435,0.33030934295271164,-0.029569010234865935
-0.03780740039764732,0.33149831744131736,-0.018356348205277147
-0.035306199598639454,0.33100725352417887,-0.04002803015474988
-0.036072417211549725,0.31910127285545364,-0.03992545320862222
-0.037181100783617804,0.3188107703324246,-0.028774305996600136
-0.03241322840277022,0.3200023648124816,-0.05001108903331416
-0.03379775031548961,0.3086721368984288,-0.049892883315909596
-0.037337009410939356,0.308180784446629,-0.039685472755360766
-0.026957758998863726,0.3086736679441527,-0.05821879365759783
-0.028246337140919314,0.2977229739934535,-0.058147890878476625
-0.035018368286662285,0.29762520489566013,-0.049624254055029945
-0.019535442296430013,0.29738238174168125,-0.06539395261971041
-0.020728076667826546,0.2871112801062389,-0.06532662303287468
-0.029457627245499947,0.28710471856627784,-0.05795747206835056
-0.010475418730924668,0.2860024873036086,-0.07092025562690783
-0.011440186647001803,0.27701455846870127,-0.07061714488242564
-0.022136584523207138,0.27721461350490395,-0.06526259473887376
-0.010166266581020112,0.2964003001155201,-0.07121878618825604
-0.001226172728839769,0.3077505518489788,-0.07411817242514562
-0.0006611705238443985,0.29548031433052907,-0.07435748353594213
-0.009798482126824699,0.3083672803937822,-0.07087127493419602
-0.009129540836945137,0.3208716952023085,-0.06968573726051458
-0.018568009275609587,0.3086003181399123,-0.06532634058581487
-0.017772475510556263,0.3207174880657572,-0.06479972194935518
-0.01690764902224365,0.3335773741576574,-0.06367601897474594
-0.02583974756020359,0.3203807073589126,-0.058141760115324986
-0.024941607262637718,0.3330717146412809,-0.05745691756228
-0.023191966000466215,0.3460167177281043,-0.05560474589802555
-0.031361844582626086,0.3322830580763524,-0.049557289000146436
-0.029733465586146503,0.3451262070633342,-0.04781518517814733
-0.02712832570225918,0.35750981562738277,-0.0450219319518119
-0.03433743402545212,0.3436686621199018,-0.03888995790797346
-0.032056104367538515,0.3558096163858522,-0.036120747687510835
-0.029425645988613594,0.3671643098747553,-0.03285301966549122
-0.03505967741014069,0.3539315205001268,-0.026585656944976815
-0.03274903160008402,0.36481720407566404,-0.02330746751593718
-0.021379694776888926,0.3800866218109415,-0.03835785202248352
-0.024549836865776355,0.3692859555151113,-0.041940314599321196
-0.026344784908536457,0.3775844052808429,-0.029420469175203117
-0.02261630337650715,0.3871331902882167,-0.025698167319401846
-0.0297854351285886,0.3749805981994219,-0.020036140965934642
-0.02625417134735925,0.3845835280053184,-0.01666059220040958
-0.02381693306212409,0.3940031650026264,-0.013423999642261335
-0.02749611015645459,0.38213285022816795,-0.007298390254196904
-0.025334710211865986,0.3916431499226612,-0.004306134841067381
-0.023987499765519543,0.4009325025512145,-0.0015179336236707532
-0.023333216551713873,0.3892082326910375,0.004758820952594706
-0.0222964908076389,0.39863928932530807,0.0076328942133422365
-0.021544931270802533,0.40825993279551454,0.010068887436657117
-0.01927292947948571,0.39635526505654295,0.016503833870464973
-0.01859999053249594,0.406361670771779,0.01880987201921733
-0.01761256922611977,0.4163712486949308,0.020705461685879355
-0.013431019888194954,0.40435947216158025,0.02603093981381433
-0.012404954563083673,0.41447474064246237,0.028005928023071072
-0.011869268510231363,0.4243283827235844,0.030150195743305953
-0.0050585933457532725,0.4120228316042496,0.03282540262225986
-0.004616185958821461,0.4219580848612658,0.03553824897048674
-0.004469605198091955,0.4319447828176049,0.03789769357118718
0.003685615307994024,0.4197341900112937,0.03835766852202033
0.0036123249276292704,0.43006219613261926,0.04125634231714676
0.003424435043421362,0.44039104003281737,0.04355402228136882
0.012027393145920998,0.4289221302172628,0.04238702635526957
0.011732899072090339,0.43942977754136936,0.044983594626077976
0.011354454198931233,0.4499200248552536,0.04756559610479119
0.019866798740253662,0.4393584666285212,0.04485337763057821
0.019441714534134305,0.4498807004188317,0.04768973195006024
0.019445712191244507,0.4603022164679894,0.0503787004703855
0.026664148381029498,0.4507815027827154,0.04591267651942426
0.026538888458222647,0.461004396893586,0.04808165418484812
0.027679553287177083,0.47102276604467924,0.050635487598500506
0.030384634598838403,0.4623768944087686,0.04249629647907005
0.0318011377684394,0.47220472790665563,0.04454741994162816
0.034287680491373373,0.4818567396748781,0.046106416655871056
0.03497927517154724,0.47311352674900525,0.035927571463569605
0.03698343393644264,0.4825497687940559,0.036999981753061795
0.038578499123664234,0.492134776871366,0.03823418348984962
0.04038810524249823,0.48293829922046677,0.028019076941148316
0.04140084504390726,0.49276051935991916,0.029256029165619743
0.04325042773384802,0.5027266224517568,0.03099327149234869
0.04442440637206045,0.4936839620632162,0.020633438550802255
0.04616738487238319,0.5037216773370555,0.022558196832942135
0.04853799553910236,0.5140939273506427,0.024747710340541785
0.04578494234211388,0.5051267182913296,0.014038347140653835
0.049013716735292166,0.5152013718393946,0.016145473405146663
0.05172546080880225,0.5258538843368689,0.01917569807438629
0.04556906885812983,0.5172488553022496,0.007652894976727594
0.049432138179558036,0.5277389527953493,0.010713290156546353
0.05135234614512499,0.538916611409962,0.014778826332824723
0.04655915526924455,0.5304452631523132,0.0033366071802618078
0.048915107859889825,0.5414328178124642,0.00748842742453886
0.048652595042945515,0.5520191199539214,0.011358519814961882
0.04465360537975149,0.5444097532955736,0.0011470616168966048
0.04411658677452754,0.5542468854443308,0.004713269176041666
0.04361021687382302,0.5639487294104653,0.007132844610118859
0.037484473627665306,0.5558498259133388,-0.000636102562988571
0.036874164642081333,0.5650395074227248,0.0016968834999405576
0.03631316009419617,0.5744366492316538,0.0029360707211457744
0.02853904956600785,0.5651294815959896,-0.0009594031536061836
0.028187255740253245,0.574569932775345,-0.00010022632138083763
0.028006028617894096,0.5845019262112472,-0.00028836944187265665
0.01939374264880241,0.574426845847192,5.77693609083026e-05
0.0192431642309627,0.5846831788536866,-0.00028399215734683424
0.019745536474557013,0.5960778418507954,-0.0010728197715693271
0.010792117098674418,0.5847696399886587,0.002220786327176251
0.011005325477919919,0.5959948246101819,0.0016393982766340668
0.01194344234659255,0.6077910907218697,0.0024662000329912165
0.0023344072045373768,0.5950042582608148,0.006112716379345583
0.0027848099056895924,0.6060484400588154,0.007348573999764508
0.0033231610632804593,0.6169677926747836,0.009680461141721825
-0.005978054481246538,0.603865739537684,0.01318738236643966
-0.005680895302672588,0.6146637768586607,0.015256058349351063
-0.00531177829610553,0.6253858220237685,0.017824847933370108
-0.013516303239895049,0.6124589517020613,0.02195582377386721
-0.012791394750463184,0.6231839618595568,0.024835086762324543
-0.011570776779290502,0.6333239448854575,0.02821580720902581
-0.018414765753026592,0.6207988989063761,0.033244155601479634
-0.017731166387073127,0.6308236521044358,0.036758738987890574
-0.016971611536016354,0.640079142206633,0.039949554627645156
-0.021074540284099302,0.6283737450158176,0.04626751966876564
-0.020580163354725397,0.6381328195068567,0.04968755485629254
-0.019743320466193665,0.647291093370008,0.05238316531050367
-0.01974731812330387,0.6365346231241994,0.059740876537948
-0.019227622698897103,0.6465484384896095,0.06269583770229435
-0.01653320180619948,0.6351801136491071,0.06950774680226929
-0.016805042489735838,0.6459020650435057,0.07256559035899779
-0.01165472757861895,0.6339861218267651,0.0786301413981068
-0.013032586729484836,0.6450798558552184,0.08194055119947084
-0.00503593995545897,0.6330465582864592,0.08672112102888349
-0.006620344723716864,0.6442972160395153,0.08997074006381398
-0.007530477992613345,0.6566176096713935,0.09214601281833198
0.003044657617890609,0.6437836941554422,0.0949479268397486
0.002217142595950931,0.6557625570496182,0.09755541567551891
0.0014362669069715025,0.6686209607867826,0.09915751935750257
0.014215444137914108,0.6549159482451569,0.09772777093437578
0.013066783994734533,0.6674753488862479,0.09999373441112115
0.012437819275966459,0.6804617486346858,0.10110211391763126
0.024782584434197657,0.667381762668399,0.09740104371709185
0.023603275586503374,0.6801036610443086,0.09990601554771933
0.02291168090633424,0.6931454233357334,0.10115269132854945
0.03327094303285414,0.6819261419487052,0.09550694504229054
0.032206233689003015,0.6943396138096709,0.09688351850293336
0.035610904995058604,0.6703301366741679,0.0929773974471632
0.02712254639640212,0.655576180921069,0.09429559489118464
0.03954726469685157,0.6598408602580846,0.08981972028262619
0.015432064451976587,0.6437659872144753,0.09462154009674822
0.003946795572566685,0.6328675234429866,0.09170054683556675
0.015833162715429998,0.6336606570775727,0.09124197002126058
-0.011438854094634894,0.6237202193317056,0.07563119826243422
-0.004341680170546547,0.6226366944254925,0.08346041837451314
-0.01690764902224365,0.6249342412008763,0.06651669377641362
-0.01715417121074715,0.6149897569491622,0.06407574040436936
-0.011722687749501855,0.6135877343480136,0.07342310068678216
-0.020700093068050398,0.6164914237061931,0.053657801864417494
-0.020721413905973055,0.6068358163822385,0.05166840369011205
-0.0173393959902165,0.605202817289799,0.06219896870166892
-0.02120779552112656,0.6083982359021431,0.04063982829992783
-0.021173149159496914,0.5981933179423491,0.039608771572741786
-0.021091863464911757,0.5970433253590223,0.05050991683107207
-0.01845607487650499,0.5994742885141093,0.029287938516358327
-0.017316742599917462,0.5887991194712858,0.02955194796296435
-0.02054018678361864,0.587670416433892,0.039686753080266195
-0.012279694640276822,0.5907100579417509,0.020180590746240408
-0.010467423416704265,0.5806280823567099,0.02073597941696263
-0.015620403432559708,0.5787579129567683,0.03000451432538485
-0.004356338246620445,0.5826287282666629,0.012712712171062278
-0.0032929614551409636,0.5727132240272633,0.012742192669958248
-0.008978962419105428,0.5711450911507919,0.020656580165444374
0.0035403670996361626,0.5737773050060148,0.0067906670332200415
0.00342043738631116,0.5637418010208031,0.005793366393828652
-0.0033622541783907807,0.563087453885689,0.011612145775429733
0.011210538542940282,0.5641540939897046,0.0018387936594275731
0.011038639287177916,0.5545499413435854,0.0002582241766296285
0.0028527700765724985,0.5540082034123867,0.004177498101506445
0.019744203922185365,0.5553338700980107,-0.002204490706963458
0.01974820157929557,0.5463749144821627,-0.004754566359169768
0.010830761117414264,0.5453452516477639,-0.002141311515013213
0.02907207051411687,0.5472428408575944,-0.005687931623253111
0.029137365580261216,0.5385358656499205,-0.009228099675515094
0.01995208209194902,0.53741912541264,-0.007969611484460428
0.03791089038615631,0.546767901525285,-0.0037638673867922945
0.03712868214480523,0.537447555681553,-0.007631287985964168
0.028877517868055466,0.5560418560232986,-0.002890489432634444
0.01964826015152631,0.5646569841930356,-0.0005984572923126881
0.01111192966754267,0.5742310129659717,0.002602676657010781
0.0028767560192384458,0.5841765484395092,0.006510784940933467
-0.005686225512154436,0.5930632354783901,0.01229672244671386
-0.013377717793385946,0.6015073269806167,0.020329036261248407
-0.018877161425514145,0.6102569153196122,0.030453212530238024
-0.021359706491337914,0.6184366364447335,0.04294836336636069
-0.020370952632590096,0.6263911959909356,0.0564654472922009
0.04274272528077659,0.5340115850050225,-0.0029305684248380893
0.041695339117737915,0.5198654401732009,-0.0003149776671485457
0.04141417056760951,0.5078559280062998,0.0051877204700719265
0.03739252751411645,0.5107235264216302,-0.0039541342591643
0.04379410910092073,0.49555191076184946,0.012209765198914974
0.04349828247471843,0.48383063958068845,0.019056844306414685
0.0429679266313527,0.48573677069546406,0.010291832075165744
0.04159406513759702,0.4746335823906727,0.01760206117384622
0.0410237327231198,0.47631197065082276,0.008607711633090227
0.039018241405852756,0.4736773631312236,0.026833808973491455
0.037628389283656256,0.4647857785040293,0.02543871796929868
0.03952594385892891,0.4658168088337647,0.016242556235812423
0.0336067462301632,0.46375650242847694,0.034461636276565656
0.03328160345181783,0.4543588364947627,0.03286932055194994
0.037199307420426694,0.45569302463238576,0.023799491656934527
0.030400625227279213,0.45244481930417507,0.040894797458905556
0.027427700889196473,0.4404785752489803,0.04322175190806577
0.03173051249281794,0.442666401662643,0.038864735307967524
0.02047577517346599,0.4289592056444226,0.04183514711157483
0.028456431319051047,0.43050245320622454,0.039578986030716266
0.02125931596718871,0.41905425304465865,0.03854913600773288
0.02968237949970084,0.4209305176772592,0.03576219337077134
0.01233521274345391,0.41863973987036923,0.039293557384146936
0.012834919882309665,0.40907182296203654,0.03548074130727768
0.022182774759792176,0.40971813830447174,0.0352308174841999
0.003694943174586074,0.40987810812432157,0.03473559262455305
0.0036682921271815696,0.4006222423734552,0.030966443237337788
0.013430570791819743,0.40010752291494783,0.031660753793053976
-0.005738195054596532,0.402157612776205,0.030253440547414967
-0.0059807195859850944,0.39221713447727363,0.027560610233504222
0.0038428564876872256,0.3912843313415288,0.027813372936306986
-0.014026670797709766,0.3940698672780227,0.02384632205394433
-0.014386459937684773,0.3842171106749202,0.021363576697506756
-0.00599138000494879,0.3823236521858727,0.02493549393203958
-0.019749983228042427,0.386797883934738,0.013681062494510478
-0.018052311508313025,0.37069868771460346,-0.05001112837499463
-0.020637463106644608,0.3585883760679466,-0.0530350207304171
-0.012187748526727969,0.35902683302881083,-0.05910985115688835
-0.014942134276088093,0.34644019452757063,-0.06174079581740856
-0.0053437595529918815,0.34607533995238166,-0.06574458526065598
-0.007826304618815649,0.3335629353188212,-0.06794283472494579
0.001349651002899763,0.3323458604912371,-0.07030707896615157
-0.000547903572372889,0.3202649586451382,-0.07255290461284071
0.008544101250018808,0.3294898918307392,-0.0680773300685982
0.006182818449891689,0.3181622219801978,-0.07026048755426245
0.011026646315842575,0.3149169653685274,-0.06299557196901887
0.009498208747136982,0.30424021128349865,-0.06404680155756753
0.005215385429071262,0.3063626208890436,-0.07172157547152457
0.00918106128301202,0.29354504991448094,-0.06429039646509174
0.005865670985766728,0.2947439420843851,-0.07172045192377881
0.01431805067042192,0.3018118863761226,-0.05626248095387065
0.013265334297906136,0.2917507098988576,-0.05656670980078192
0.018934012081058143,0.28959466033967185,-0.04946076674014521
0.018542241684196784,0.2793479350382969,-0.05033302772680711
0.01280293862541858,0.280799445468895,-0.05736464017680932
0.019132562384229748,0.2694801689040903,-0.052629134254921967
0.013490535648482243,0.27032842814360103,-0.05983747195913353
0.024602689864210152,0.2775044340809936,-0.04308880806595377
0.025618094770362473,0.26774662935048765,-0.04525356824613338
0.031546620265720235,0.26577562147539896,-0.03716915857617448
0.03308971591049972,0.2559965212544534,-0.040089374425478365
0.02672544579005891,0.25846242738433356,-0.04858282028539565
0.033290931318409885,0.24603060570403412,-0.04280472469763566
0.026534890801112446,0.24920979986997085,-0.05198952744407288
0.037736326025650656,0.24353895864709152,-0.032617446022635055
0.03559224926187451,0.23337623202847574,-0.03348082066597287
0.03151730411357244,0.23600097402593825,-0.04420582516188608
0.0333708844606234,0.22358643707045345,-0.03387309349665332
0.02923064424617698,0.22610618347453337,-0.04479876413100248
0.03133074678173144,0.21420995884395075,-0.03422356464733155
0.02735441050883172,0.21643655612963236,-0.045399549827704715
0.02594990031056133,0.20687932539444392,-0.04616616526644739
0.019737541160336606,0.20885885634911655,-0.055924328660848475
0.02079958539944444,0.218913115241949,-0.05516165909081333
0.019468365581538808,0.19847584691453365,-0.056611978317489486
0.010705501194607413,0.1995774137174952,-0.0637976615998609
0.011147908581539225,0.21047826874693892,-0.0634632008136153
0.00215717773928843,0.20046319140609173,-0.07045984254670513
0.002331742099794086,0.2116187929714971,-0.07033593479264606
-0.00672828146571126,0.20078832183524614,-0.07426470906541881
-0.007188012033455525,0.21194863132404101,-0.0745126133151288
-0.01647190439716533,0.20029694801184048,-0.07191813347871237
-0.017242119667185803,0.21150758119845678,-0.07273264490817812
-0.01768452705411761,0.22330004694530545,-0.0733889744585959
-0.025666515752064845,0.21104490041364687,-0.06670299452337816
-0.026094265062927495,0.22283262589514635,-0.06750055165388773
-0.025506609467633085,0.23472940224954278,-0.06707271703099439
-0.032902275122662285,0.2223201654943255,-0.05902670470788206
-0.03261177870594183,0.23365669606957,-0.058706527774016255
-0.03216137600478962,0.24463829349874439,-0.057968722569780994
-0.03800728325319057,0.23292149825557662,-0.04874969099109808
-0.037639498798995155,0.2435538106454965,-0.048040698427786896
-0.03745427401952581,0.25424596930149235,-0.047607862680359235
-0.04156519808182443,0.24291137202782878,-0.0369156847762644
-0.04135998501680406,0.2536915619997351,-0.03646732103454073
-0.041112130275933655,0.26487108746460136,-0.036608720655757945
-0.04317225624037662,0.2535140782988351,-0.02511021958582757
-0.04250997771235055,0.26552768728688625,-0.02552518398987991
-0.04118808576103697,0.27719849308736494,-0.026256830405935464
-0.04133200141702791,0.2659817026003266,-0.014954954490365602
-0.03951040232685857,0.27784331729812733,-0.015131922131217657
-0.03755155034255651,0.288705663306575,-0.015025128475424759
-0.03683197206260649,0.27734634745388687,-0.004979117437646219
-0.03594582473637122,0.28859533014511823,-0.004582523655428955
-0.03687328118608489,0.2997903555792455,-0.004817284728363832
-0.032625104229644084,0.2877071498753854,0.004157147784372584
-0.0335578908888396,0.2993089891705721,0.0042480601606462946
-0.0352515649514588,0.310765868177013,0.004647558568253597
-0.027028384274489923,0.2985928846881551,0.010993300951498142
-0.027801264649248945,0.3097315796537482,0.011956817195133947
-0.02732554345305914,0.319733791308951,0.012958290592873211
-0.01694096283150165,0.3073744664399247,0.014783600042374856
-0.0152606142925847,0.3164874662077689,0.016725213474088195
-0.004562883864012454,0.30369541429647817,0.014056704292922861
-0.002879870220352213,0.31212536525676843,0.017118603412082895
-0.0018111632193908848,0.32124873400558385,0.019765092272843943
0.007924464397842784,0.30805987720563893,0.017914202754056623
0.008813276828816607,0.31776246411818404,0.021742301606143478
0.009547513184835788,0.3284517548076708,0.023403782700648978
0.01806385538326842,0.3165603837474328,0.020709216744913845
0.019331112687401352,0.32654955194108076,0.022778147925417054
0.017284312246655904,0.3070244966977514,0.01690556025547516
0.007247527793742815,0.300017235246117,0.014002752201484716
0.017300302875101443,0.2987580450844553,0.01300594702610247
0.017789349594993505,0.29083068390709066,0.011251322452757603
0.025275628811199918,0.2911042669494529,0.006006217939050741
0.025396891076896567,0.2999665134662678,0.007650653936142023
0.026071162576253245,0.28176090589647457,0.0056182606812364335
0.030946971699095216,0.28214058529377906,-0.0020047079590033235
0.030564529168825908,0.29185876672513106,-0.0015467626266973686
0.034891326715108584,0.2829756073028936,-0.009956550564324514
0.03438229170966552,0.29256885417540635,-0.009689838538917452
0.03656367993980514,0.2836728121526639,-0.018268795232047382
0.03611727489576312,0.29315399305432377,-0.0180268128259232
0.034503553975362165,0.2843371730730258,-0.02649158496852496
0.03457417925098363,0.2939269197881003,-0.026130242013786567
0.029868936831541838,0.28559507075788,-0.034357701317276994
0.030479245817125813,0.29523454861098175,-0.0339153330230922
0.032230219631668965,0.3042232117584557,-0.03382533924562565
0.025584780961104475,0.29705936175100467,-0.041672494180146576
0.02747967043163857,0.30618385928641734,-0.04159920544856188
0.02009599774793997,0.29931609670938353,-0.04914409102547786
0.022194767731122785,0.3086751832765919,-0.049060042589973665
0.025061087879587506,0.31797178787952735,-0.048947681647301684
0.016367516215905927,0.311636502373368,-0.05583707693715543
0.019483023657612706,0.3216312750086904,-0.055236668233785126
0.024646664092431846,0.28744258601889383,-0.04210565384308511
0.0356175677569121,0.2742760890218015,-0.027031679331109237
0.030235388733365606,0.2756226722940261,-0.035264718942160045
0.03861048038055059,0.27355270156771144,-0.018376826306420513
0.0404960419844879,0.26279008810718096,-0.01903049836429722
0.037030073269402886,0.2641000397530081,-0.028401360825945014
0.04074656183010159,0.2520033249193045,-0.020475590495473334
0.038036150308958426,0.25388464340143013,-0.030664990439478346
0.03951261833522666,0.25076061949413064,-0.01022691745398086
0.038182731069692666,0.24062762064708237,-0.01075863827485079
0.039697843114696006,0.2415131689697084,-0.02177299421365497
0.03605997514384391,0.2312898883097261,-0.010582947683709144
0.03742850642811301,0.23152850877309722,-0.022224208158282327
0.033853268418666704,0.22224832747789977,-0.010088997327528283
0.03514717677020413,0.22209681244571755,-0.02217861545622147
0.0321409386228634,0.21316421097940721,-0.009832020820668284
0.03294846535924733,0.2130795972335838,-0.022123208895257856
0.030733763319849713,0.2039388345588759,-0.010083343632301702
0.03061250105415307,0.20423882433594645,-0.022217977969369782
0.029390550530613475,0.1951170422569211,-0.0225351414328539
0.027902089533014637,0.1959583504383755,-0.0348671772744182
0.029146693446853267,0.2051480497113702,-0.03455836633386081
0.02803134711293169,0.18642567713824587,-0.03501827412771761
0.02517568738343066,0.18723536614101524,-0.046774473139492276
0.025306277515719358,0.19716014907425955,-0.0468133304198597
0.025379567896084112,0.1770924036142875,-0.04641331914401558
0.019492351524204758,0.17796177398807703,-0.05644948306227882
0.019503011943168454,0.18797604122226155,-0.056703354734471204
0.01004855287606319,0.17861371068704723,-0.06399392894234676
0.010287079750341549,0.18870417623087613,-0.0639483728259803
0.0007899790073862398,0.17879699075787403,-0.07070038881275138
0.0011537658044714501,0.18952193729320316,-0.07036766826817291
-0.006682974685117922,0.1788063610290112,-0.07474745556737192
-0.00713071228153158,0.18984959967133228,-0.07419786694448591
-0.01526727705443346,0.1780998790430693,-0.0720013103088852
-0.016145429066448325,0.18919982245792527,-0.07181847679807275
-0.024433904809561556,0.17750064654252617,-0.06558449642718903
-0.02481501478745922,0.18854754216932923,-0.06560659990079178
-0.025086855470995578,0.19973727249894752,-0.06583467027892959
-0.03225465467071012,0.18853872057984075,-0.0579069594975227
-0.03218536194745557,0.19960521186539065,-0.05800378996629078
-0.03263443209623613,0.21086223717656183,-0.058611996846086825
-0.03815786167103028,0.1997144872914154,-0.048878919754464865
-0.03854296930604288,0.21085627576848648,-0.049354596228499366
-0.038501660182559745,0.2220405274861831,-0.049357433337539995
-0.04304033355572101,0.21108524266491047,-0.039261576372245366
-0.042541958969236904,0.2219524186754105,-0.03874304373796086
-0.04190100127913349,0.23250636944912134,-0.03773114559209666
-0.04418366348941874,0.22156690554037264,-0.02741416505970881
-0.04377590246411184,0.23188778764057405,-0.02612386675029316
-0.04360666831308802,0.24233165790417477,-0.025265968029529576
-0.04287243195706412,0.23117080850739843,-0.01447609342674756
-0.04262990742567555,0.24181162055170283,-0.013671200456481911
-0.04304033355572101,0.22090428705509194,-0.015818647816907137
-0.04029261056821438,0.22045714105783543,-0.004553408480403623
-0.04015269256933363,0.2307795855538793,-0.002965955099799893
-0.03920658038643586,0.21997109637839465,0.005903164910290272
-0.038720198771287094,0.23046218847741085,0.007885505092066177
-0.03615370290613488,0.2194167502224711,0.014774338180398788
-0.03561401919617237,0.2300701045328241,0.016444003647615286
-0.028355606435285355,0.21925142365635814,0.02160063502506517
-0.028343613463950014,0.22996144204635832,0.022642361719464016
-0.027124328045148978,0.24164135570111928,0.022375734621179262
-0.019344887307478815,0.22984116856050982,0.025618624671579934
-0.018360131105845938,0.2409575197860932,0.025120428239298873
-0.015521794557157362,0.2518308294588114,0.02224353825253763
-0.007966222617696398,0.23900294335993577,0.025431866101105927
-0.005524986675351031,0.24943476986365665,0.02399913895926725
-0.002561390203855607,0.25912190549792874,0.020073089628748465
0.0050954557157462605,0.24612907782437848,0.022304166317321072
0.007876492512510888,0.2561356688876163,0.02008346052021493
0.00961680590809034,0.2657196055031613,0.017058771647907253
0.017701401138554854,0.2532604001060228,0.015601151829039869
0.019642929942044463,0.26321842873188156,0.013775142319427783
0.019850808111808116,0.2728666565542049,0.01208002106155096
0.02783013170502153,0.2617093473020991,0.0073227736517686584
0.027544965497778184,0.2719755445559733,0.006322670298891785
0.034686113650088224,0.2613515202180761,-0.0006667719717966101
0.03318699223352569,0.2720484188565049,-0.0013599834634548044
0.03955792511581526,0.2618033032972917,-0.009529410556224962
0.037404520485451793,0.2728217532979943,-0.009639314139174314
0.026207082918023792,0.25156585661658026,0.008090364514972559
0.033805296533334805,0.2507172687218919,-0.0007307900775519543
0.02461734794028405,0.24231989559297656,0.009246344687550812
0.032314170430997415,0.24120977075231534,-0.00040229381473544693
0.023741861033012478,0.23333007535095177,0.010456946084290519
0.030944306594351927,0.23227700559579464,0.0005081791675070838
0.022525240718949995,0.22391037048446683,0.01075566418706283
0.029439854968312282,0.22311901552110427,0.0011613176147375393
0.021024786750020553,0.21422712353715684,0.010098982126981924
0.028155274483366896,0.21367651879692515,0.0011803156878447982
0.019726880741372913,0.20443453442630938,0.008921839792630398
0.027010611997297523,0.20405127978639534,0.0004047298306748949
0.01898198396639004,0.19461190657914404,0.00786078905601512
0.02604317897648183,0.19438849295707364,-0.000669154462627855
0.026041846424110185,0.18461261320902303,-0.001202752961012498
0.029657061004667983,0.18489500304951834,-0.011362424850540353
0.029658393557039628,0.1945566492032293,-0.010758932048366646
0.030266037437885047,0.17482658804455786,-0.011522697993129171
0.030460590083941714,0.17560454845782944,-0.02323075763242326
0.02968237949970084,0.185575028551281,-0.02294204276728923
0.02929860441706462,0.1657350243183497,-0.023326780544050848
0.02800869372263739,0.16647923699475245,-0.03511728213185206
0.028692293088586115,0.1764577416616191,-0.035076467625508805
0.026107141490254535,0.15695535060564203,-0.03511784468619154
0.02341405314992382,0.15730445525283013,-0.046021441852392014
0.02486387012878755,0.1669884712610875,-0.046232267419770975
0.01738958388391174,0.15786202400515398,-0.055546924323971535
0.018675496921224038,0.1680229834188204,-0.05603343459852472
0.010004578647841496,0.15810932847907033,-0.06350900250842378
0.009995250781249446,0.16867545393817243,-0.06372979635531639
0.0032365451592134536,0.1573114765897543,-0.07129768150137103
0.0019253136268588288,0.16815756595292755,-0.07124144006061715
-0.004328354646844295,0.156475569245713,-0.07491921154635765
-0.005234490258630574,0.16757724858531126,-0.07541999597769118
-0.014071977578298369,0.15670179259080053,-0.0711772096468455
-0.014231883862730126,0.16720762041097278,-0.0719680267558189
-0.024218031325577496,0.1571862184682265,-0.06470746036015917
-0.024162064126025198,0.1670680757477259,-0.06530710424632356
-0.03326339681500894,0.15731204154725026,-0.05750424423155677
-0.03301287696939524,0.16738161661901507,-0.05788366835808839
-0.03265175527705332,0.17774273503111074,-0.05806473975644584
-0.03947975362234386,0.16769511439099527,-0.048947764397365735
-0.03914661552977336,0.17816862806813497,-0.04904147708070827
-0.03841104662138254,0.18881712272381324,-0.048802967089907584
-0.04375324907381753,0.17842505971434572,-0.0390472118683178
-0.04323488620178242,0.1891636271967524,-0.03891178341741601
-0.04297770359431995,0.20006864366135374,-0.039053072283148395
-0.04551888096443458,0.18948206869851988,-0.028528733572862237
-0.044969869387880015,0.20039929516272542,-0.028628776942433216
-0.044728677408858365,0.2111383741020671,-0.028396073513072547
-0.04373859099774363,0.20036448636534357,-0.01776147913618351
-0.04329485105844492,0.210744914807136,-0.01705782505960843
-0.04081363854498806,0.20002516620734437,-0.007024504763999089
-0.04036856605331769,0.2102488797676469,-0.005966895445406287
-0.038216493975321134,0.1994842914606301,0.003395044932696964
-0.038744184713953043,0.20964360900317963,0.004370373446738992
-0.035168946704502,0.19892943682002495,0.012929841129422946
-0.035799243975641715,0.20908866462587114,0.01363465824505565
-0.02864343774726252,0.19857368266684997,0.02003431393734052
-0.02841423873957621,0.20887702732097857,0.020777017861559444
-0.019270264374742416,0.19825456332533034,0.023715219767279208
-0.019027739843353854,0.20869401561151357,0.024493187469725477
-0.01912368361401291,0.21920257049417058,0.025234812429989907
-0.008872358229482676,0.2080842979259315,0.02435380819745506
-0.008712451945050917,0.21848895719792913,0.025103974849659042
-0.008655152193126972,0.22876431432215444,0.02533911645728509
0.002239795986245233,0.21684087837196825,0.022628728244359853
0.0029273930093088973,0.22680716900522468,0.023387862625660456
0.0035337043377826694,0.23644642534736351,0.023281212919318946
0.013643779171065244,0.2250199232182799,0.0185213831720877
0.014608547087142378,0.2345204629105362,0.01839014397164151
0.012289905962865305,0.2151761990281911,0.01750308562207599
0.0016121638198440702,0.20669239625751515,0.021686657029021488
0.011301152104122225,0.20521639725287624,0.01645741440364437
0.0010085175961088548,0.19648977203387674,0.020584961989886463
0.010621550395278965,0.1952884291609499,0.015383591822010776
0.00037422266785893293,0.1864102664032286,0.019582562421252774
0.009965934629101652,0.18539874723438798,0.014241606827321075
0.00970475436452899,0.17555462531509908,0.014161441204189983
0.018934012081058143,0.1749542773348221,0.0074404455389816835
0.018844731072252582,0.18476915491444085,0.0072809021822923745
0.01828239397199577,0.16507477819248145,0.007728255461722149
0.02527029860171807,0.16458900385808448,-0.0010255130678819722
0.026382979830901092,0.1746269540895735,-0.0010836213556179833
0.023128886942685212,0.15479106656490627,-0.0014457270739829076
0.02650557464896465,0.15523472238323732,-0.011854105042121154
0.029001445238490672,0.16481070236445583,-0.011576641663728748
0.02551415568547828,0.1458249741901725,-0.012449594289653055
0.02614978316609985,0.14694354214249225,-0.023751678129673933
0.02677075257065225,0.1562958175638273,-0.023442389418822648
0.02701993986388957,0.13728265266479472,-0.024211257265081484
0.02598321411981933,0.13772602391582836,-0.03518064603932645
0.025399556181635124,0.14751126912217358,-0.035146810829080284
0.02286370902100235,0.13750766258560984,-0.045537570674305305
0.0226638261654591,0.14760848847656569,-0.045802558024970956
0.017063108553189998,0.13718325797827066,-0.05426686881621425
0.016917860344832135,0.1476334066291153,-0.055002757770278625
0.010184473217829,0.13661033108263945,-0.0621087006911065
0.010032562247617645,0.14730999422127122,-0.06303645917699889
0.0031912383786248497,0.13577752935209403,-0.06944811956713864
0.0034350954623850573,0.14629128365805003,-0.07050549251022382
-0.00563692107445563,0.13579030763754488,-0.0720866769162588
-0.00474677609111016,0.14580855683348032,-0.0733573210372573
-0.015613740670706215,0.13669325908247,-0.06914644305223172
-0.014748914182398338,0.1465766183908148,-0.06996730158686132
-0.024990911700336522,0.1372404679104061,-0.0639149821319607
-0.024535178789702457,0.14728675099072308,-0.06416235928462823
-0.03303952801680448,0.13703885465219012,-0.05714712761215971
-0.033224752796269096,0.14722181987783126,-0.05724997320257006
-0.038669561781216645,0.1365902003986654,-0.048449744256502385
-0.0392931962905076,0.14683026140269825,-0.04859153460065635
-0.03960101588804051,0.15720082665886384,-0.048750001965654655
-0.043528047723241425,0.14669814096797634,-0.03874447436935345
-0.04388916941558808,0.15714580402432465,-0.03893932651408042
-0.04386784857766069,0.1677871048792011,-0.039055242529331964
-0.046330405357933445,0.15734284481131947,-0.02858228977895143
-0.0462731056060095,0.1678886726410678,-0.028608421568776146
-0.04613318760712875,0.1786135084209154,-0.028550210024470276
-0.04581870524774708,0.16792793225047767,-0.01784678629521844
-0.04552021351680623,0.17873344305679945,-0.01790493258651485
-0.0446540544761267,0.1896338019864956,-0.01791827016786832
-0.04252863344553465,0.178679175753605,-0.0076971550111380235
-0.04173309968048132,0.18950564843925333,-0.00757018417706318
-0.03948375127945407,0.17859508959747095,0.0021616458003980298
-0.03875617768528365,0.18918449600775544,0.0025670378168119517
-0.03635625086641669,0.17846069212844956,0.011575632497473296
-0.03557937283454746,0.1887719982996588,0.012058443257330487
-0.029830741909177207,0.17827189572506688,0.019007039881297916
-0.029108498524488633,0.1883868373181792,0.01914574726159107
-0.02017373488179014,0.17802134247030185,0.023309895759860817
-0.01965936966686522,0.18805234277539878,0.023197188611406804
-0.010014355610808759,0.17738054777734466,0.023342581517558532
-0.009595934166542894,0.1874233867502985,0.0232004955658357
-0.010556704425509827,0.167177136446234,0.023865294409096433
-0.0006145311908841492,0.16634184834235574,0.01985465043775551
-6.018940484773975e-05,0.17641705481908,0.019532497246106974
-0.0014766925744534698,0.1560627191612449,0.01940898247831515
0.008240279309596098,0.15561044387646447,0.013985132218356488
0.009286332920263126,0.16567822562874315,0.014531854219403381
0.007534026553353069,0.14539727148136433,0.01290481377252325
0.015802514010910557,0.1449846132683151,0.006398707731136318
0.016736633222472985,0.15510088336137293,0.007296973476298324
0.015504022279969696,0.13479983880016838,0.005143673199948008
0.02177368118211836,0.13503459966336753,-0.0034299890244091874
0.021937585123660324,0.14502969189728424,-0.0022619068451915697
0.021561805355244507,0.1250611993044218,-0.004527559004356184
0.025969888596112344,0.1259922782646146,-0.014232237250367265
0.025835300806718177,0.13608576916782827,-0.013357838009928173
0.02563941560828513,0.1157394481048955,-0.01449148357553526
0.027398384737048677,0.11648524447883489,-0.024713557671145355
0.02744235896527037,0.12702875054739005,-0.024674381284823025
0.026594855657774946,0.11670319626402101,-0.034963505568912694
0.02645760276363749,0.12738260812777735,-0.035180897345999065
0.02360061048176482,0.11647142282983765,-0.044829973634640155
0.023334100007710308,0.1270992525584209,-0.045226991257320555
0.017833323823210463,0.11620623824215197,-0.0534476472000359
0.0175121787019753,0.12666664511848627,-0.05375316972533465
0.010429662853960853,0.11609189920109385,-0.061254578277513974
0.010568248300469955,0.12616595530661057,-0.0615420785801668
0.00213852200610433,0.11631552230529041,-0.06839833348430034
0.0030100112562657004,0.12583626854552854,-0.06874155768317786
-0.007605100925349744,0.11674665588450998,-0.0715574605185201
-0.006516405638837404,0.12618976215325556,-0.07146052813784746
-0.0171221899538608,0.11690097950804507,-0.06932488328559247
-0.01645458121635288,0.12689884593776157,-0.0688963924807338
-0.025794440779614985,0.11668974099410524,-0.06464111887216441
-0.025502611810522883,0.1271402402408351,-0.06404310630950319
-0.03306617906420898,0.11628653811587726,-0.058197351697611324
-0.033046190778653235,0.12678583532346777,-0.05744235235401214
-0.03846834637330648,0.11585634316241057,-0.04953737738022739
-0.03856029248685534,0.1262769718230479,-0.04879129240498036
-0.04305365907942327,0.11536509283224809,-0.04007087671547632
-0.04317358879274827,0.12592222147546556,-0.0392149060607179
-0.04298303380379707,0.1363896933505955,-0.03868361127700506
-0.04657692754643221,0.12571769580676306,-0.02945274966429625
-0.046267775396527655,0.13649787042148184,-0.028753862533441848
-0.046270440501270944,0.14694636587802812,-0.02853695468089904
-0.04655427415613791,0.13653080068933132,-0.018689128503992885
-0.0461984826732731,0.14704441246367841,-0.017999500392865728
-0.045981276636917395,0.15739559791046936,-0.017788743753156946
-0.04339212738147562,0.1467228172931707,-0.00769303958090345
-0.04320423749726297,0.1571186559675208,-0.007353258354455353
-0.04293106426135971,0.1677956619949714,-0.0075213323628099855
-0.038852121455942704,0.15705360362471427,0.002577401202827678
-0.039431781737016704,0.16782187488765704,0.0022795879692766342
-0.035247567294348595,0.15716218974798218,0.012078060001498307
-0.036168360982208776,0.16793913716646272,0.01165627206664403
-0.02986538827080685,0.15706173859751363,0.019838147864481695
-0.03008126175479091,0.16797182731099233,0.019394338760462374
-0.020917299104406102,0.15684008637570893,0.024315418559236725
-0.020601484192648054,0.1678172992311781,0.023965869052810892
-0.020853336590633396,0.1451383614566514,0.023221605561907867
-0.011406872837748541,0.14522950192414338,0.022814692268552067
-0.011242968896201846,0.15647407661647006,0.02389358547147649
-0.010951139927114476,0.13429418558112638,0.020741407794555196
-0.0016712452205148711,0.13505600180210137,0.016860953855427872
-0.0019310929327158873,0.14558531269322553,0.018255429370555746
-0.0012741446141716639,0.1246475157678118,0.015636412122750323
0.007244862688999524,0.12479499852293988,0.010485250580289932
0.007394108554472321,0.13510894470926793,0.011723615096893293
0.007522033582017728,0.11444476727209364,0.01020253010093396
0.015046956816963986,0.11462102034767509,0.0034268134963441298
0.015049621921707277,0.12475343066893513,0.003846601465297456
0.015493361861006,0.10411210842870557,0.003884504123713866
0.021471191794062566,0.10459431856075846,-0.004260038786047919
0.021337936557035312,0.11501460363176988,-0.0048465227935878576
0.021353927185480855,0.09353056672262741,-0.003642187542249085
0.025572787989773867,0.09440285736191115,-0.012869496345699344
0.02561409711325227,0.10528880901589405,-0.01384887199806647
0.027842124676352133,0.0950955752334228,-0.02279546064744424
0.027616923325776026,0.10592828993034949,-0.024015751700910987
0.026950647140639755,0.09547420178131905,-0.03289967056168465
0.026816059351240852,0.10606408702366281,-0.03417731796981239
0.023054264009953546,0.09585061166191286,-0.042918584290508884
0.023443369302071616,0.10594182659257963,-0.043997721860492535
0.0172016939996991,0.09638566746224908,-0.052417296976650214
0.017565480796784307,0.10606394131006565,-0.052959902479165946
0.010047220323691543,0.09700913723342464,-0.061320815387077274
0.009940616134068792,0.10645273394032699,-0.06113060562979957
0.002660882535254388,0.09748569763107724,-0.07003300374765829
0.0015055596302260537,0.10701425585052766,-0.06889045259063332
-0.0057421927117067345,0.09688435964472202,-0.07390096014762512
-0.007645077496461234,0.10705563361686933,-0.0726791689026312
-0.015563103680635763,0.095804628027177,-0.07117950381554924
-0.016769063575734548,0.10640274293495877,-0.07038504691659668
-0.02494560491974792,0.09542979476794886,-0.06618305768131186
-0.025506609467633085,0.1058963334659122,-0.06557580145609798
-0.03241456095514187,0.09536201642441013,-0.05930530346947124
-0.03284630792310999,0.1056429138722229,-0.059030213868335
-0.03795398115837683,0.09522202661573219,-0.0507014904086383
-0.038117885099923525,0.10541583859265115,-0.05026203671835694
-0.041955635926318874,0.09481878092111137,-0.04147798034243907
-0.0422607904191085,0.10496835870136555,-0.04083441074475567
-0.04424362834608124,0.0941908527625468,-0.031648301791914725
-0.04489258135040506,0.10423213096724288,-0.031073456452703384
-0.046098541245503846,0.11476603902627507,-0.030325301941598232
-0.04542293719377553,0.10389876853614079,-0.020977479954989657
-0.04644633741414351,0.11454996895260967,-0.020477800315954187
-0.046942046895889065,0.12560653158977697,-0.01967509329861611
-0.043719935264559535,0.11488185893430751,-0.010831732827938164
-0.04382120924470044,0.1256177012647302,-0.009947385265002731
-0.04359067768464248,0.13630885264695947,-0.00869234804448382
-0.03898537669296996,0.12537841895780763,-0.0004595557061097293
-0.03870820579995649,0.13591219687016493,0.0010241785649912304
-0.03849766252544955,0.14639674243357975,0.002268308950153069
-0.03468922785120199,0.1351856442144184,0.010090812605727875
-0.03455997027128494,0.146118648491839,0.011724360875737578
-0.029324372008472693,0.13430176656678341,0.016860921796384966
-0.0294709527692022,0.14562292788527392,0.019073430060280526
-0.029337697532174946,0.12366061093285327,0.014723459843341832
-0.02009911194905374,0.12356292477850822,0.01819398779757855
-0.02051220318384249,0.13383958131588886,0.020703820910457152
-0.019731327494858324,0.1136084868256275,0.017408139680905366
-0.009842456355041657,0.1140227159984516,0.01863725713670195
-0.010386137722114372,0.12408648181943503,0.01867362564059084
-0.009611924794983703,0.10352395154949029,0.019250805192574164
-0.00022809100350463715,0.1036913891930945,0.016374237067734956
-0.0006531752096239941,0.11433192070410744,0.015858553860784594
-0.00026007226039098885,0.09266787097752044,0.016027095517843017
0.008149665748418891,0.09274887551119007,0.010651079044292142
0.008037731349314294,0.10382768189023489,0.010615482080954593
0.00739011089736212,0.08121335032124274,0.009993475413150073
0.014580563487366228,0.08105101797740044,0.003703262235351087
0.015553326717668502,0.09294452538091823,0.004269701407977294
0.011936779584743791,0.06976312797014077,0.0014825836112632978
0.01862219482641503,0.07036476899632703,-0.005489924953237477
0.020539737687243428,0.08169105995843863,-0.0038224651130613985
0.023531317758510268,0.07181851548542104,-0.013616922348914819
0.024991795156332958,0.08298875553309934,-0.012483002903450014
0.025972553700855633,0.07356588157404467,-0.02292478870002151
0.027441026412898722,0.08409377854544207,-0.022052673500131896
0.02514770378365451,0.07537401309339209,-0.03258743837640898
0.02625771990809424,0.08518709169193411,-0.032075356596504324
0.02138457588999556,0.07686022489097176,-0.04214312235585917
0.021988222113730773,0.08629521684959887,-0.04206880101480506
0.017280314589545702,0.07764408054063805,-0.05196962303687752
0.016908532478240087,0.08705997562960326,-0.05197915324713187
0.0120313908030312,0.07770588629601284,-0.062010868899610265
0.010866740031410818,0.08743566117614322,-0.06162894105888039
0.0044718212064553,0.07715014490590055,-0.07038581944898549
0.004053399762189436,0.08732211355947941,-0.07055257061899145
-0.004925338108726017,0.076661862400556,-0.07302707258038897
-0.004521574740534052,0.08656246758141685,-0.07386268006985773
-0.015315248939765354,0.07649802434669006,-0.07047966836660596
-0.015044740808600642,0.08586875609582982,-0.07096868659909496
-0.02436994229578885,0.07622522168845675,-0.06559302949836147
-0.0244765464854116,0.08566909432881234,-0.06585722783106635
-0.031383165420548746,0.07569693308593652,-0.0586089134725653
-0.03172429882733965,0.08551188773440847,-0.058753798955787424
-0.037404969581827,0.07512104055890421,-0.050794355550872874
-0.03767014750350987,0.08518252665625074,-0.050684683667138755
-0.04209955158230509,0.07460127156779407,-0.042189878240063816
-0.042096886477566535,0.08470510314402535,-0.041883208525547104
-0.044199654117859546,0.07403885611156172,-0.0325724229007993
-0.044272944498224304,0.08419149265491306,-0.03210743387138705
-0.0445421200770221,0.07356701658806478,-0.022708918199877023
-0.0446540544761267,0.08375665446197607,-0.02204956838255981
-0.04486459775062891,0.09375147614111416,-0.021439831941533736
-0.04296837572772791,0.08351932690142144,-0.01218996185119468
-0.04316959113563807,0.09372767630072859,-0.011520049849895473
-0.04342277608599032,0.104208748104158,-0.011190044761713145
-0.03976225472484392,0.09362359781840028,-0.002168853392508593
-0.03967563882077691,0.10419834769988706,-0.002016572764287356
-0.03925321971939611,0.11479876469475256,-0.0015446101003721042
-0.03558337049165766,0.10368245585955314,0.006818418907605141
-0.035255562608569005,0.11400862443041945,0.007086607626162827
-0.02906319174390003,0.10336838293529022,0.013740110363885097
-0.029097838105524937,0.1134950033969623,0.013565602202981041
-0.02920710739989098,0.09295447462207013,0.014018736991067303
-0.019871245493739073,0.09277060545962305,0.01807871437123797
-0.019650041800273167,0.10336629889099554,0.01790573760888483
-0.020208381243419782,0.08199623174475745,0.0172158905330419
-0.010123624905170065,0.0818523967744352,0.01824539144464473
-0.009773163631787107,0.09263590905795777,0.019072187822321743
-0.011025762859846142,0.07090979017056964,0.0168131118513874
-0.0021269781311489344,0.07033623950484884,0.014174972188480711
-0.0006611705238443985,0.08154296241989281,0.01540464490945293
-0.004009874630347689,0.0590796173015524,0.012832293313231475
0.0027941377722816426,0.058868220758992985,0.006334457064352382
0.005122106763150764,0.06983344972565886,0.008267664329471115
0.0016028359532520202,0.04804516387275422,0.004829590074362751
0.00938094413855527,0.04856291697166276,-0.001877295833198968
0.009762054116452935,0.05919885994861182,-0.0007312391400562397
0.016470122748418477,0.049672198727957945,-0.009116322511174554
0.01681258870758103,0.05993664363814968,-0.007661821256570137
0.02183631114351942,0.0514492268424774,-0.017598150931283054
0.021972231485289966,0.061394345691541834,-0.01579683487473328
0.025243647554313565,0.05354087146714992,-0.027069068511699587
0.024702631291984144,0.06345511649036129,-0.02505704394059154
0.02701594220677937,0.05567783059710094,-0.03679208022802346
0.025444862962223726,0.06579459141123167,-0.034533262287097716
0.025788661473757926,0.05708399658688229,-0.04585828985919174
0.023314111722154564,0.06747962266702966,-0.043784832918050354
0.021433880327694367,0.05742993093665529,-0.054070077362020956
0.019293801221033153,0.06789906195059045,-0.05296978357476258
0.01525483498672764,0.057120712361573484,-0.06320588944051032
0.013212032203097126,0.0673255165936327,-0.06321023961866379
0.02210548672231722,0.04605872779830344,-0.05464859072598117
0.016787270212543438,0.04676747301903057,-0.062286615251807655
0.022050852075131834,0.035011086535752314,-0.05552863375632468
0.016955171811200334,0.036071053212661144,-0.06327644318469111
0.01718836847599685,0.02618331874329174,-0.06531525856002496
0.011145243476795933,0.02745517664792729,-0.07255380746769718
0.011211871095311927,0.03720175091047404,-0.06999054957342295
0.004085381019075787,0.028925645450584406,-0.07851413268329734
0.004876917127023646,0.03853915279764883,-0.07540781883230856
-0.003254317436401119,0.030934466603485002,-0.08346186953162744
-0.002349514376981751,0.04033810915936918,-0.07946562752723837
-3.4870909814881104e-05,0.04947986580098014,-0.07661668458722388
-0.01045143278825872,0.04167596029589264,-0.08099579015575999
-0.008663147507347375,0.050375059406267186,-0.07743292698876687
-0.0070507591393180686,0.05863919032012272,-0.07498846885944224
-0.01691564433646879,0.049946487145728496,-0.0745469904333809
-0.01627202154162208,0.05859248213505906,-0.07246699934156553
-0.015769649298027773,0.06737769525269438,-0.07102737421622053
-0.024208703458985445,0.05766365671405483,-0.06714915598276
-0.02451918816126165,0.06684969199630814,-0.06626998547968091
-0.03112465026071464,0.05656512064915281,-0.06014738340448062
-0.031613696980606704,0.06598069642243974,-0.05945731227143306
-0.03737698598205085,0.0556853753498853,-0.05233789072540834
-0.03755954565677691,0.06524696100615675,-0.051503337073919304
-0.042144858362893695,0.05486733594768369,-0.04369053546000159
-0.042131532839191445,0.06464676220765085,-0.04273586323921018
-0.04414635202305054,0.05387612615411761,-0.03427071120419477
-0.04407172909031414,0.06391456144508886,-0.033222788287161055
-0.0447140193327892,0.05287785164467196,-0.02442042943824087
-0.044691365942490166,0.06323604604018357,-0.02338351576112438
-0.04421564474630509,0.05208769198914548,-0.014779122951437516
-0.04382120924470044,0.06277253235925517,-0.013710612459081721
-0.04311762159319597,0.07327434049704219,-0.012984942874935677
-0.040473837690568795,0.06207281254528231,-0.004609472660786955
-0.03971161773477347,0.0727757619024809,-0.0036449979042809497
-0.03956636952641087,0.0832212449504084,-0.0027338048317194228
-0.035288876417827,0.07185919205672271,0.005017533697787349
-0.03541813399774405,0.082610349504325,0.006280250840341668
-0.02914847509559539,0.07113464963158705,0.011932055344282643
-0.029168463381151137,0.08213537627238297,0.013266751683677688
-0.02930171861817839,0.059893036959394796,0.010402737640720156
-0.02122778380667757,0.05965596318185107,0.014734839203623598
-0.0206627816016822,0.07101008590857472,0.015866459251335924
-0.02152627553761843,0.048040299475148616,0.01353530061725882
-0.01260483741862692,0.04791368532455827,0.01530562034328742
-0.012114458146363215,0.05953273277162672,0.015881498009054223
-0.012732762446172328,0.03627941653101946,0.013862319125182813
-0.0058701177392521415,0.03676695495828913,0.010025949561941878
-0.005199843897000931,0.04785866389486456,0.011683982232165518
-0.005686225512154436,0.025871865514485715,0.008253614579455327
0.000731346703095384,0.027126399133083283,0.0012683452101915152
0.0008566066258975002,0.037495228747422636,0.0030607706065073474
0.009249021453894926,0.028276220380927,-0.005103391034374559
0.009355625643517676,0.0382668835971609,-0.0032570070362941393
0.017228345047108337,0.029630813152295356,-0.012066532795917273
0.016960502020682184,0.03963101563863979,-0.010433410280150707
0.023239488789418165,0.031277440763904096,-0.02025850772887588
0.022618519384870497,0.04159173726320128,-0.01895351651469612
0.02696264011197036,0.032697786856845025,-0.029162218280560294
0.026244394384391988,0.04345857600059857,-0.028348628135983368
0.0282232346542498,0.03353291367693423,-0.03836134769577104
0.02783013170502153,0.044695463824063114,-0.03792965262395754
0.02627237798416814,0.0341446078365873,-0.04722349449736779
0.026372319411937396,0.04541240714710519,-0.046796350521908864
0.028071323684038446,0.02248703233015698,-0.03916011316133035
0.025951232862932976,0.02356444777818792,-0.0481513028791045
0.025354249401046518,0.013339726661202889,-0.04965398554374581
0.02185496687670352,0.014986948177274485,-0.058746781452942994
0.021946912990252372,0.02485733302490573,-0.05696639358908501
0.022069507808315934,0.004998130296595699,-0.060749085935869813
0.017654761805594603,0.006490368821913608,-0.06941197917408595
0.01736826304598435,0.016441770658060125,-0.06742946652516556
0.011587650863727744,0.007651067252494011,-0.07700973773538994
0.01137577503685389,0.017715342123991177,-0.07510244251980115
0.003754908031248575,0.008362533874115261,-0.08336984118296316
0.0038548494590178325,0.018957045158152774,-0.0814866550018356
-0.0035115000438635784,0.008871468002961121,-0.08947302615415849
-0.0031503783515169246,0.020444653394766543,-0.08722852872450765
-0.010645985434320123,0.009079724043820537,-0.09117581403048497
-0.010271538218271219,0.020994263672174704,-0.08914365757382867
-0.010981788631629182,0.032062634828656164,-0.08533473294316168
-0.018234871183039087,0.020207716487241022,-0.08489794920681058
-0.01831748942999589,0.031072991677942956,-0.08169960672097565
-0.01787241693832552,0.04097291972797655,-0.07784855918414511
-0.02503355337618657,0.029663997565792074,-0.07494539253944257
-0.024204705801875243,0.039259141011092485,-0.07127663726077704
-0.023766296072053637,0.04849411197297282,-0.0684401775644903
-0.031075345823015837,0.03819687762577467,-0.0642190874255285
-0.030445048551876117,0.04728050722419591,-0.06127389376559984
-0.038056587690889376,0.03729806482655142,-0.056741304619008635
-0.03731702112538835,0.04639485161426233,-0.05382816183650442
-0.042755167348482406,0.03585980026019364,-0.04795076837182643
-0.04229943443784834,0.04530001082030867,-0.045363245960719216
-0.04485660243640851,0.034206985342712964,-0.038147682822666965
-0.044475492458506106,0.043953280699553024,-0.03589091474349597
-0.04551888096443458,0.0326895550679018,-0.02819339603524089
-0.04513244077705507,0.04264843930615354,-0.026055011945299227
-0.04501251106373006,0.031205453499065144,-0.01848980779343958
-0.044692698494861814,0.04150673590651376,-0.016365217117720897
-0.04234607377080859,0.02966602144628538,-0.009678751061265645
-0.041975624211869886,0.04029967231466344,-0.007447969694070612
-0.04124538551296091,0.05116186312365207,-0.005850028508998034
-0.03681997909127589,0.03872693229177126,0.00035050836642323943
-0.03623365604835312,0.04976065431034463,0.002131442435589707
-0.029933348441689753,0.03720973803636229,0.006801465307768847
-0.029580222063568237,0.04851212611779111,0.00873823012507503
-0.030118573221159108,0.02628171060952508,0.0043403644100688645
-0.021530273194733367,0.02519619535981502,0.009256595241617703
-0.02161022633694688,0.03639884388706733,0.011738905927050104
-0.02167552140309123,0.014643332962729861,0.006677588124991743
-0.012347654811159728,0.01400736317606645,0.009402041508504428
-0.01242627540100633,0.025042120776359877,0.011633379059530808
-0.013356396955458556,0.0032955705748575486,0.0070090973622664605
-0.005602274712825987,0.00403603985515602,0.004137511749600108
-0.005223829839666879,0.014884787845804996,0.006726956282204463
0.0014029530977135054,0.00618852782815375,-0.0018717068251539624
0.001199072585060054,0.016723987242762965,-6.816440570902605e-05
0.009470225147360832,0.007869073237357279,-0.007667897813503366
0.009319646729521123,0.01821034404828448,-0.006554938619773256
0.01681258870758103,0.009031984301234142,-0.014591387189095282
0.01701380411549119,0.019412824767661548,-0.013555925152345893
0.022325357863411482,0.009911718277320195,-0.022909921850155595
0.02303161061965451,0.020547015333737276,-0.02163326982351587
0.026255054803355684,0.010654715402675735,-0.031636836802122884
0.02692133098849196,0.021562557017393204,-0.030227028123296425
0.025763342978720336,0.0002637288109087104,-0.03308134472443012
0.02693065885508401,0.0014180178588220828,-0.04215156030838638
0.027407712603640725,0.011731526967731049,-0.04048943598268291
0.026264382669947732,-0.008732767970299425,-0.04378522365080022
0.024674647692207993,-0.006954745249863572,-0.05334510706895157
0.025107727212547757,0.0032208669415106,-0.05155166576503464
0.02420025904838983,-0.01723034086982402,-0.05489282965008599
0.02191493173336602,-0.015745413907048828,-0.06418599042857512
0.022174779445571773,-0.005249964197612361,-0.06264208894814464
0.017698736033811564,-0.014483635037412419,-0.07258115778736246
0.01792926759386952,-0.003843653765721317,-0.0711739384522538
0.011764880328976692,-0.013291820251237894,-0.07983660926084458
0.011792863928752841,-0.002752108320099093,-0.07849149355200474
0.004261277931953089,-0.012687918892608199,-0.08587233244494111
0.003946795572566685,-0.002355464362406403,-0.08466204922893641
-0.004446951807797653,-0.012773573528914667,-0.09101160762039606
-0.0042643921330715925,-0.002469497534472945,-0.09063669707931421
-0.013682872286180299,-0.01276340666771303,-0.09186583895215254
-0.01242627540100633,-0.002373660466772913,-0.09192446435841761
-0.022812188574935464,-0.012297436339255194,-0.08738552081747973
-0.02095194546603101,-0.001834514215802255,-0.08721266365419171
-0.018990428376985655,0.009090332086358906,-0.08662380798962098
-0.02934569284640008,-0.0012253963092781922,-0.08110469666299609
-0.027148313987814924,0.009294953859010816,-0.08014725725266222
-0.025777117598797798,0.01955612012272725,-0.07804910706819072
-0.03462526533742928,0.009532521965624574,-0.07323379652357835
-0.03313813689220209,0.01934414651738427,-0.0709707090813576
-0.032165373661899824,0.028980138791398696,-0.0678964951516184
-0.03967297371603362,0.018857659877770258,-0.06313263496792089
-0.038777498523211044,0.02814394673696717,-0.06016718571619177
-0.04413702415645849,0.017614552123558114,-0.05372081426674641
-0.043216230468598314,0.02660519294667888,-0.050973684733691904
-0.046343730881635695,0.01578079014971364,-0.043357097594171175
-0.04533632128970379,0.024789182640694723,-0.04078196302849097
-0.04674349659271746,0.013641289375191207,-0.03310370934012323
-0.04583336332382098,0.02300499200558037,-0.030621057754397718
-0.04570543829627084,0.011414404549958812,-0.023249632870923687
-0.04516708713867998,0.021210480088641886,-0.020902511714641046
-0.04341478077176992,0.009439542170456724,-0.014377653598072148
-0.04266988399678231,0.019431023774369838,-0.012122174670618201
-0.03848300444938038,0.007701451520508375,-0.007107336752671946
-0.037468932095599705,0.017677839518204667,-0.004681209404329519
-0.03117395469841818,0.006026555845705017,-0.0007435003135222292
-0.03031445841958742,0.015988475138938415,0.0017186825203767873
-0.03276635478089648,-0.003944985448082816,-0.0032616005295591313
-0.024389930581344595,-0.005578918849353334,0.0022758266468545446
-0.022706916937684358,0.004464510559889452,0.004527034728329253
-0.025961009825900237,-0.015257961262196813,-0.0003690731376918127
-0.01660915729130279,-0.01640835383805211,0.0013320054942590786
-0.01505939888467454,-0.006822471040071675,0.004253237251173534
-0.007566456906614633,-0.015749061345566046,-0.002025541641388627
-0.006600356438161118,-0.0061117842367471595,0.0007861490873895149
0.0010391663006282953,-0.014244016439848137,-0.006732099540093142
0.001261702546461112,-0.004182997851379476,-0.0044303462498293264
0.009251686558638216,-0.013009405863687578,-0.011423909828623787
0.00941026029069833,-0.0026229673960129337,-0.009323753164638057
0.01622360055991971,-0.011719969820091589,-0.01785368069034573
0.016576726938041225,-0.0013595571296927977,-0.01588797683652316
0.021485849870136464,-0.010696275822766967,-0.02565726737568133
0.021846971562483115,-0.00044601236040345716,-0.024112076743514874
0.021188690691567248,-0.021152926565235323,-0.027425244747745443
0.024675980244574906,-0.020247676924139653,-0.03595979003412845
0.02529161943964546,-0.009913968273508286,-0.034510983240813906
0.02376451442330678,-0.030759271178700354,-0.037532923186380684
0.024873197995379598,-0.029254089968796373,-0.04677555276860894
0.025458188485930712,-0.018920059030233402,-0.04526544941352941
0.024344174704376047,-0.03968208489738279,-0.04841575401277872
0.024170942896242036,-0.03798683476431406,-0.05775133033274625
0.024380153618377334,-0.027606781688274858,-0.05635873518447316
0.02113672114912515,-0.0366867740462352,-0.0667223695526107
0.021760355658416112,-0.026294523638441866,-0.06554438243311832
0.01620894248384581,-0.035667614443400206,-0.0751349172475113
0.017065773657933287,-0.02517228249570456,-0.07386685730129208
0.010688178013794958,-0.034573268121609387,-0.0829335451287828
0.011315810180191387,-0.023904014485210588,-0.08128128667804231
0.004132020352036037,-0.033369205332280306,-0.08938019053126764
0.004381207645278092,-0.022843299200300378,-0.08736605169740508
-0.004067174382266899,-0.0323713848151143,-0.09298071290828311
-0.004093825429676137,-0.022464613843080104,-0.09137641570128463
-0.013512305582784847,-0.03195323241995156,-0.09227265125880472
-0.013753497561801761,-0.022390552442547656,-0.09148341076792474
-0.023076033944251412,-0.031850171050079236,-0.08838475157645564
-0.023458476474520724,-0.022108980566992207,-0.08760577766199826
-0.03229996145129872,-0.03201365688047523,-0.0834893594838248
-0.03270505737186233,-0.021876832615803754,-0.08223007512544488
-0.031588378485573845,-0.011753338007569225,-0.08147843015251102
-0.041641153566932466,-0.02198495158629103,-0.07668867731046355
-0.04004875348445417,-0.011163064745369303,-0.07540634349037792
-0.037098482536660995,-0.0006351187301562286,-0.07452490055283253
-0.04723121076023788,-0.010594200135511666,-0.0685905697643818
-0.04372926313115159,-6.37822554050151e-05,-0.06698555388493031
-0.04119741362762902,0.009497911467010553,-0.06537011431909578
-0.048118690638840056,-0.0006038011767219275,-0.05792389832235168
-0.04565879896331059,0.008614791061221153,-0.055921541823355174
-0.050122849403735466,-0.0024979798959057376,-0.04815285798903205
-0.04774024576568095,0.006805597562700814,-0.045700539402526254
-0.050360043725646904,-0.005009598260264603,-0.03846918606632681
-0.048096037248545755,0.004444083426143634,-0.03560056204779073
-0.0497723881303525,-0.007932912220888164,-0.0290258773948952
-0.04722721310312768,0.0017920081702378471,-0.025765571125065174
-0.04723254331260952,-0.010646002726434243,-0.020657726102375793
-0.045029834244542516,-0.000533141143610584,-0.01711295684820167
-0.04164914888115287,-0.012478851763053701,-0.013161706568509195
-0.04003409540838027,-0.002330346719321685,-0.009934276570045539
-0.042611251692491456,-0.022334728840919044,-0.015731052619273534
-0.035378157426637295,-0.0231609402308989,-0.008131055027220929
-0.03439340122500442,-0.013781350942313956,-0.00592166398291357
-0.035642002795948514,-0.03256199556656984,-0.009354230822232688
-0.02758672371763653,-0.03360404433589389,-0.004027796727671936
-0.02705237021715587,-0.02436233257365029,-0.002697177465410057
-0.0185693418279765,-0.034136914819046314,-0.0032374456398136164
-0.017811119529291375,-0.025268938809640606,-0.0015170832325277007
-0.009122878075096378,-0.03384275899271361,-0.006343882205207705
-0.00841929042358717,-0.024885110858033032,-0.00454936731601642
-2.2877938484274513e-05,-0.03336853620936208,-0.01068522608598902
0.0005727729710305366,-0.02395735010553899,-0.008802481016288685
0.008140337881826842,-0.032837584945360196,-0.015895704391072418
0.008819939590665366,-0.02303323961418361,-0.013749844905282759
0.015316132395761788,-0.0323270520447063,-0.021948260078375522
0.01583049761068671,-0.02203236790601197,-0.020064830022834875
0.01455524499233337,-0.04270998037642994,-0.023380817232668116
0.01981616175018321,-0.04234528382986073,-0.030558628451746776
0.02071030439063888,-0.0317567108815268,-0.029044533156398038
0.018686157340187734,-0.05269997537859674,-0.03219654997227693
0.021862962190923922,-0.0516309768545064,-0.04101446123254434
0.02280107905960129,-0.04130193408970822,-0.03918584723176257
0.020910187246177395,-0.06160722741635242,-0.04290756098778524
0.022639840222797886,-0.06026267192534291,-0.052286600815884654
0.02352865265377171,-0.05003143095312546,-0.0503042269474866
0.022662493613092187,-0.05885034771647977,-0.06144878792286061
0.023339430217192154,-0.04834042498565826,-0.05943323247993734
0.020459784545025183,-0.057538372606359404,-0.07018135961548078
0.02051175408746728,-0.04695686437390512,-0.06823680680999444
0.0156652611167731,-0.05665146584824966,-0.0781494658723427
0.015614624126702649,-0.04602906809419366,-0.07653827075501965
0.009295660786855175,-0.056095208045267055,-0.08513639409749162
0.009897974458218745,-0.045279448709052275,-0.08425912957987872
0.0021038756444794215,-0.05553472546787635,-0.09131980434989839
0.0032258847402497582,-0.044341625127494705,-0.09090692589737172
-0.005824810958663538,-0.0547373204913994,-0.09578144627339544
-0.004772094586143018,-0.043136129806082,-0.09505356164952346
-0.014117284358886973,-0.05371178915662002,-0.09563226014849112
-0.013549617049148312,-0.042315334963530384,-0.09430630733789243
-0.0225096991868844,-0.05303297637674399,-0.0914755432378287
-0.022495041110810503,-0.042158883843564074,-0.08989498805047294
-0.030847479367696436,-0.05313689052984869,-0.08665508832815415
-0.03128055888803619,-0.04249313019501265,-0.08503601010727359
-0.03854163675367124,-0.05414277871973873,-0.08129419751986043
-0.03938780750879501,-0.043652890352667804,-0.0797942416347845
-0.04093223570594615,-0.032923931920049464,-0.07819160222192924
-0.04568278490597654,-0.04523974904996993,-0.07316035621034478
-0.04793080075463215,-0.0342792716718345,-0.07187741850727743
-0.049227374210912875,-0.022403639076592558,-0.07040207207333297
-0.05198309251263991,-0.03556452200632529,-0.0638912269714446
-0.05353151836690125,-0.0233796644654859,-0.06240284811620992
-0.051640626553482095,-0.011159105786078444,-0.060207061882969
-0.05473747826200003,-0.02492028326543883,-0.05331061270776338
-0.05333563316847294,-0.013001011722663604,-0.0508853727479365
-0.053734066327183055,-0.02681668863043786,-0.044216506628061515
-0.052846586448580875,-0.015445503255694697,-0.0416138181417201
-0.051391439260240035,-0.0289968116269528,-0.0350995876718843
-0.051484717926155804,-0.01831833371919964,-0.03245327991211585
-0.04787350100271294,-0.030890748099311614,-0.02604280655534324
-0.048434505550598105,-0.020894258647524224,-0.023848652214701272
-0.04603990894121299,-0.040472752118931046,-0.027719437589051998
-0.04163315825271206,-0.04130035449935873,-0.018356441529112356
-0.04247133369361544,-0.03187978758005359,-0.0172239831366907
-0.04118808576103697,-0.05074461977315585,-0.0194341399168502
-0.03543012696907466,-0.0517611956938632,-0.011543973555975449
-0.03551274521603146,-0.04221707579348603,-0.010229602588060757
-0.026848489704502418,-0.0529434227319436,-0.0070270054654593085
-0.02736152236705569,-0.04336315194772913,-0.005173133403677432
-0.016931634964909598,-0.053255700496131375,-0.005339661508325725
-0.017927051585506174,-0.0435876479320068,-0.0040246095885760865
-0.008368653433516718,-0.05285262557116143,-0.007499212922443385
-0.008864362915262271,-0.043056365463313144,-0.0068910976166654415
-0.0009476692834546531,-0.05265901423999774,-0.013001083119486976
-0.0004985991346693489,-0.04278603035305137,-0.01199359997878559
0.006602572446529197,-0.052823138558657404,-0.018618338626743874
0.00743808278268928,-0.04274922364008099,-0.017412026332230258
0.005439254227275725,-0.06290018661984675,-0.020167105140526397
0.01196209807977665,-0.0629363346013423,-0.026535270882147077
0.013505193724556141,-0.05300704501572984,-0.024703222469592747
0.010589569138392612,-0.0726927520924904,-0.02843618933993628
0.015977078371416216,-0.0722540348382764,-0.03598217928640861
0.01726698906584345,-0.06256456633263409,-0.03414220707741523
0.015268160510429894,-0.08213459220870001,-0.037162856809504125
0.018919354004984245,-0.08156726670930871,-0.045593017391742964
0.01976685731247967,-0.07147679953789515,-0.044533374913263715
0.020531742373018292,-0.08100046399003381,-0.054629494934428716
0.021531156650725067,-0.07055664977650818,-0.05378225648527849
0.020215927461264976,-0.0804698708940086,-0.0637097569285032
0.021568468117093266,-0.06963725803580324,-0.06292186326701352
0.017971909269719567,-0.07981670137630302,-0.07228695165226433
0.01956297679983095,-0.06863392635175156,-0.07155686706295546
0.013890301359564008,-0.07906775593673107,-0.07988254527941888
0.015181544606362887,-0.0677495668998039,-0.07924911777307787
0.00792313184547114,-0.07839831951232232,-0.08637968252995781
0.008767970048228005,-0.06715769769495646,-0.08579915001862046
0.0006074193326601792,-0.0779486024308766,-0.0918335941725995
0.0013909601263781646,-0.06679088363046876,-0.09156044962223171
-0.007769004866896439,-0.07751602718980878,-0.09573230557492829
-0.006778918455781712,-0.06631643799148562,-0.09560596395952316
-0.016755738052032298,-0.07668981572991732,-0.09674274061415103
-0.01530458852080166,-0.06531182515380778,-0.09588708821331887
-0.02523343623172508,-0.075645858215876,-0.09435626501599871
-0.023530434302513833,-0.06421620411881811,-0.09279861944807487
-0.032781012856970375,-0.07512897134688645,-0.08982291176112514
-0.03148443940068965,-0.06392590407165583,-0.08827473540071004
-0.03978357556276657,-0.07540947197368118,-0.08411936652428492
-0.03875617768528365,-0.06464273182637391,-0.0826808319689776
-0.04549622757414028,-0.07611843304378056,-0.07677583900800021
-0.04456877112442661,-0.06575903357165502,-0.07550972949122961
-0.04455544560072435,-0.05553618312592534,-0.07436283339163566
-0.04857042589236392,-0.06680584709328016,-0.06703440556915938
-0.04835321985600821,-0.056776459289594045,-0.06593313225026212
-0.04947922660889349,-0.046583583179178996,-0.06491134020439741
-0.05004023115677866,-0.0578442106995142,-0.05687802994663297
-0.05117823088099453,-0.04766502425410189,-0.05592545960364706
-0.05333030295899109,-0.03680189757860935,-0.054909856774157835
-0.05066653077080817,-0.048537187436048054,-0.04692735364611028
-0.05243349521379213,-0.03800975422243866,-0.04588999722998734
-0.04797077732573891,-0.049275703527651725,-0.03810851487027366
-0.04960182142695705,-0.039251519747102614,-0.03698322791520645
-0.047301836035864075,-0.059319617430544556,-0.03893120451820074
-0.04433157680251989,-0.05975720639408186,-0.02990340178639228
-0.0447739841894517,-0.05003193059422808,-0.028856497466309212
-0.043420110981251765,-0.06952355118894392,-0.031157971215121223
-0.040244638682882486,-0.06963309158133779,-0.02208525333481379
-0.041058828181119916,-0.06028304521223919,-0.02067924714432979
-0.035319525122341704,-0.07013814127023188,-0.014482946649409256
-0.035412803788262205,-0.06107744393760862,-0.013111398517332994
-0.027028384274489923,-0.07111591907271925,-0.010618680637634739
-0.026685918315327368,-0.06206427757830905,-0.008941926180587681
-0.017917723718914123,-0.07240167527246598,-0.009064805642106115
-0.016942295383873294,-0.06289714172944519,-0.007169225671043544
-0.009978376696812204,-0.07304876455860275,-0.010989633277916295
-0.008671142821572515,-0.06312888813043194,-0.008920337771925154
-0.0029318397627943102,-0.07289014376155609,-0.016303427018798302
-0.0016432616207387215,-0.06292787847227561,-0.014282326935362806
-0.004221750457221545,-0.08257846890225022,-0.018179384650735503
0.0030633133510747086,-0.08256433628523321,-0.023601689499624483
0.004164001608922389,-0.0728043332168656,-0.022032600020787736
0.002246458748098726,-0.09227814609364604,-0.024495408465360698
0.00902781776042902,-0.09228385032044825,-0.03064919037850091
0.009748728592750684,-0.0824808448123986,-0.029771931239558673
0.008400185594027857,-0.10201079198245053,-0.03099915141691893
0.013914287302229955,-0.10206953161237153,-0.038369291608681404
0.014571235620778913,-0.09211844399614469,-0.03796720626378243
0.017560150587307193,-0.10203317252116514,-0.04666073823037728
0.018171792125262817,-0.091791851735112,-0.04630948400622736
0.019439049429395748,-0.10190616340062358,-0.05545237552203401
0.019842812797587712,-0.09143610918803462,-0.055190273615301134
0.019240499126224143,-0.10186953403755464,-0.06445275122469703
0.0194483772959878,-0.09115996702040836,-0.06425720460827195
0.01671264727981177,-0.10194694343823127,-0.07309273321589252
0.01704445282001063,-0.09085099061897041,-0.07290854615234435
0.012647029998097022,-0.10178469693690956,-0.0810117219132908
0.013118753537176628,-0.09033363149817202,-0.08070414032330289
0.007166242099152923,-0.10117938894772856,-0.08779369213525585
0.007468731487208721,-0.08965528070540649,-0.08727994612079538
-6.285450959103069e-05,-0.10038848146303721,-0.09298421611769227
4.374968003171993e-05,-0.0890809807227594,-0.09235606269707815
-0.00871111939267927,-0.09968372032756626,-0.09656454164232241
-0.008523229508471364,-0.08861478385749162,-0.09619631776202278
-0.01804564874645953,-0.09911555103488395,-0.09748433769247358
-0.017736496596554973,-0.08799586348516547,-0.09760143642089558
-0.027004398331823973,-0.09864883995343222,-0.0951441321402118
-0.026512686507193354,-0.08729089506425478,-0.0953131212792245
-0.034922424516003234,-0.09817251762877538,-0.0907225015494828
-0.03402295166606571,-0.0867428975012618,-0.09069198192751364
-0.04192631977417108,-0.0977032570477447,-0.08510951554352092
-0.040941563572538205,-0.08648506842417589,-0.08499393228736998
-0.047409772777853736,-0.09759272240553171,-0.07802615040169902
-0.04658492286065261,-0.08670795587113718,-0.0777102610156713
-0.05075847688435702,-0.09791007935494467,-0.06944805618740622
-0.050258769745506,-0.08738221472550688,-0.0690889805713585
-0.04944591279963549,-0.07696061219481533,-0.06815767337685892
-0.0516939286482911,-0.0882013791632158,-0.05989526536707175
-0.051115600919593475,-0.07794824341742129,-0.059071010633962154
-0.050260102297872915,-0.06784812622041574,-0.0579501206375336
-0.05017082128906736,-0.07892373604768545,-0.049703239277367674
-0.04950854276104128,-0.06883932065679435,-0.04878081977085751
-0.047133934437207176,-0.07951889465635749,-0.040484050445628667
-0.046952707314848026,-0.06940785526680553,-0.03982028965714455
-0.047769561917828746,-0.08921584096426691,-0.04070490982845416
-0.042687207177599495,-0.08970137178035142,-0.03192471319254239
-0.04239671076087904,-0.07970762637582099,-0.03202656389412031
-0.048350554751269655,-0.09853145270016103,-0.04063061092402528
-0.04413569160408684,-0.0988968746425367,-0.03156321051167577
-0.04552954138339354,-0.10807340540306033,-0.03139503034766958
-0.042473998798354,-0.108293916100506,-0.022645543704299987
-0.040894924239577954,-0.09926839040299106,-0.022641028274993567
-0.038105892128588184,-0.1087024391360271,-0.015439518065684889
-0.03684129992919854,-0.09962181578871344,-0.015600531109265438
-0.030862137443770334,-0.1093757602833037,-0.01170877734851381
-0.029654844996299903,-0.10017778017755011,-0.012359460915620055
-0.028686079423112566,-0.09089754432003906,-0.012318972731213813
-0.02147830365229127,-0.10084026809014705,-0.012144098900165993
-0.02038427815629235,-0.0915115018543006,-0.011744071767936992
-0.01926093650815037,-0.08196070392697859,-0.010680259220459409
-0.012494235571893969,-0.09205089141384888,-0.014221149979189225
-0.011461507484929193,-0.0825967729329376,-0.013043560588902473
-0.013525631106487098,-0.10140040233498096,-0.014764985684284162
-0.00581015288258964,-0.1017084527053349,-0.019370063221320594
-0.005053263136271425,-0.09220846919690723,-0.01910019568984153
-0.006545721790980465,-0.1111668781252661,-0.019085799810493357
0.0011151217857316054,-0.11143432488598443,-0.024332057384744445
0.0016161614769590067,-0.10188985226621684,-0.02472471145250384
0.0007073607604294367,-0.12100258262469396,-0.023394256805653144
0.0076632841332653885,-0.12144808611182024,-0.029557719458758357
0.00797376883554159,-0.11167530475800173,-0.030627187329041763
0.013204036888871989,-0.12205683296951297,-0.03686233696967296
0.013642446618693599,-0.11200158944927693,-0.03793995283671463
0.01686855590713333,-0.12272909468386121,-0.0450954223693715
0.017496188073529758,-0.11234469425883051,-0.04617077118061753
0.018482276827534283,-0.12332480940318069,-0.05397653964504758
0.019263152516518445,-0.11256450128490329,-0.05502854607635913
0.018341026276286625,-0.12380429940582693,-0.06280230003932695
0.019037951165942337,-0.11281123223412165,-0.06393814967102229
0.015642607726478797,-0.12420737390478798,-0.07128732409255163
0.01634219772087307,-0.11316111747517353,-0.072444774517849
0.010690843118533515,-0.12434866489402922,-0.07915141400475317
0.011740894386310744,-0.1132675453876353,-0.08026773804029869
0.004806291851397449,-0.12391250195223669,-0.08642288093843414
0.006190813764112093,-0.11279268425584335,-0.08727555942685196
-0.002047024988930688,-0.12277355385312368,-0.09232816023739053
-0.0006798262570284983,-0.11173218885431138,-0.09289525608462824
-0.010110299381467814,-0.12145197528489417,-0.09619290133013782
-0.009110885103761037,-0.11060234238205768,-0.09647648407204404
-0.018933128625066444,-0.12060044567992448,-0.09720346948828884
-0.01832948240133123,-0.10990491864075012,-0.09714377127231895
-0.027687997697777435,-0.12017384508061431,-0.0946351834362897
-0.027274906462988687,-0.1095097229983374,-0.09471923774311068
-0.03577792313771906,-0.11986536732843796,-0.08994882132821914
-0.03544211994041,-0.10916299977368427,-0.09036222170884031
-0.043057656736533466,-0.11945952188884662,-0.0842315613735979
-0.042649895711231296,-0.10877950479744597,-0.08484073214493483
-0.04847714722644342,-0.11893365837400242,-0.07697714576475316
-0.048028077077662844,-0.10845851386601121,-0.07777446439952027
-0.05170991927673665,-0.11837788329726183,-0.06834234408857248
-0.05115691004307188,-0.10827311316518932,-0.06912438964372146
-0.053086445875230884,-0.1178664291816361,-0.059013039998341676
-0.05224427277721257,-0.10812219423088679,-0.059682586539219824
-0.051856500037466155,-0.09829115674895642,-0.06006342161322756
-0.05160598019185245,-0.10792532591103923,-0.04986524006696138
-0.05103431522500358,-0.09844340531813815,-0.0502429069670531
-0.052652033802519475,-0.11746105365734395,-0.04933004690395918
-0.05024677677417066,-0.11740372738131756,-0.0399477173891176
-0.04914475596395134,-0.10788197089505959,-0.04035224515601949
-0.05168460078169905,-0.126996845168908,-0.039429545898325355
-0.04915674893528668,-0.12707397736464388,-0.030275711597199533
-0.04699135133358787,-0.11754585112685398,-0.030989429278407275
-0.04605323446491524,-0.12732063294577495,-0.021683330841177406
-0.044042412938166346,-0.11767616989116177,-0.02232037109777121
-0.04106016073349156,-0.1279603989933599,-0.01461201158274751
-0.039491746593679204,-0.11812823916525948,-0.015032829681552886
-0.033863045381633955,-0.1287958155464167,-0.01028342687914052
-0.03226931274678402,-0.11886592398832943,-0.010871330185081246
-0.02524143154595022,-0.12944979113677904,-0.009716310931780386
-0.02383292369056963,-0.1195945551666031,-0.010563673014001079
-0.022629628900209402,-0.11010316968310736,-0.011675636183956178
-0.015465827357605062,-0.12020369621541048,-0.013634711054641365
-0.014515717517601825,-0.11073951625010436,-0.014598615824538906
-0.016601161977082387,-0.1298190340367631,-0.012780614895411468
-0.008207414596713314,-0.13014195947462417,-0.017426923916081066
-0.007301278984927035,-0.12064281133864792,-0.018329714286957594
-0.009390721101517797,-0.13972945286351468,-0.016852814024372786
-0.001206184443288758,-0.140390792881237,-0.02148801571750326
8.772390824867828e-05,-0.13066818674912425,-0.02221608165209056
0.005677781101558819,-0.1413798664713465,-0.027375443350465076
0.007043647281089364,-0.13141546080478023,-0.028242035421266746
0.010873402793259577,-0.14247886671677576,-0.03465482948075181
0.012275247886791409,-0.13228187014700682,-0.03563724556677733
0.014123498024365255,-0.14352106841896084,-0.042790024695831035
0.015565319689003843,-0.13314072865211907,-0.043877345293869864
0.015737218944766207,-0.14438742900028784,-0.05144318192284454
0.017179040609404797,-0.13397315098290513,-0.052665270612718765
0.01543606210908679,-0.14486954203328076,-0.0602609331008975
0.017077766629263896,-0.13455910357648243,-0.06146381982721882
0.012597725560398216,-0.14488452551975978,-0.06893988787087416
0.014338038955977666,-0.1347948953483823,-0.07006698965685379
0.007653956266678073,-0.14464144284799807,-0.07694458612299221
0.009346297776925626,-0.13474229496908893,-0.07805736067437047
0.001470913268596411,-0.1443654362057214,-0.08426318352780254
0.0031939034833634067,-0.13431892354642946,-0.08548067342219078
-0.005141211592710076,-0.14398433991643672,-0.0906028939477277
-0.0036101089192659246,-0.13346679119014843,-0.09169893139419065
-0.01246758452448473,-0.14330233291802572,-0.0949626537463457
-0.011289608229162095,-0.132401842496986,-0.09596475954474089
-0.02054018678361864,-0.14233799333403988,-0.09606043214338982
-0.01972333218063792,-0.13147015632873654,-0.09719029305090118
-0.02881666955539653,-0.14123290875312414,-0.09345307119096331
-0.028226348855368302,-0.13077742161554554,-0.094440844093163
-0.03689859968112248,-0.140235869611928,-0.08858510209348198
-0.03622299562938943,-0.13022993119256546,-0.08940927027187111
-0.044466164591914055,-0.13941584567091295,-0.0826621387828327
-0.04360533576071638,-0.12961623281998952,-0.08344391243853104
-0.050346718201944654,-0.13876886169167132,-0.07543501142262049
-0.04926868333439128,-0.128956660503137,-0.07610358274877908
-0.053889974954504614,-0.13817904327049926,-0.06691498982902505
-0.05273331949710463,-0.12828257015508976,-0.06752270598775033
-0.05534911979995565,-0.13751941030373352,-0.057789015600461124
-0.054203124761519374,-0.1276238423404532,-0.05831544018189291
-0.05492803325095123,-0.13694372832057997,-0.04840941152051962
-0.05372607101296265,-0.12713143739534233,-0.04880747144826888
-0.05645780337202848,-0.1468257383931172,-0.04809227183833549
-0.054681511062447744,-0.14661440568572873,-0.03881869029965461
-0.05319971282670239,-0.13671442108969956,-0.039011995405723185
-0.05245348349934788,-0.14708082696430116,-0.029698788587473317
-0.050991673549153536,-0.13690042171267225,-0.02978163215609576
-0.049449910456745697,-0.14806877077924202,-0.02117846678647574
-0.04789615439300724,-0.13744169340975015,-0.021211688627882364
-0.044418192706586895,-0.14908053099333174,-0.014146501334164294
-0.042891087690248214,-0.13826042536987812,-0.014216717499875397
-0.03694923667119294,-0.1495559785274067,-0.010291539351936798
-0.03560069367247011,-0.13905726715626707,-0.010154849774346018
-0.02807577043752386,-0.14946290433232493,-0.010330673274683767
-0.02685648501872282,-0.13944431289143228,-0.010015559955858873
-0.019051725786019803,-0.14926670146402596,-0.012551767814319593
-0.01800833728009133,-0.13950569274947663,-0.012818966170705817
-0.019232952908374217,-0.15914294672975945,-0.010884764233022603
-0.010491409359365477,-0.15924242089482757,-0.014090406532211346
-0.010287528846716762,-0.14941911832325627,-0.015942359088654393
-0.002537404261194394,-0.15990966124470313,-0.018327138536284742
-0.0023135354629851973,-0.1500851439009212,-0.020454939633207908
0.00397611172471448,-0.1611736291793438,-0.024287744781097652
0.004375877435796244,-0.15123282406255426,-0.026348196191062642
0.00871067029630406,-0.16269380689640459,-0.03183676086578619
0.009459564728397136,-0.15258081898790762,-0.033590293734160274
0.012205955163536857,-0.16398382353760008,-0.040217178703906495
0.01293752641481748,-0.15381998348957446,-0.04167648080059539
0.01388763625482545,-0.16482825834805906,-0.04926222702532068
0.014504608002262918,-0.1546613902513112,-0.05039906291200981
0.013277327269236743,-0.16509031842697586,-0.05855286526751789
0.013870313074012996,-0.15494819530670542,-0.059327111794212475
0.01090271894540737,-0.16485547079932683,-0.06761691399854212
0.011258510428272177,-0.15480908828670978,-0.06809882413293453
0.006589246922826945,-0.16462191770207898,-0.07591339514848054
0.006669200065040458,-0.15456404817924285,-0.07623812232667226
0.0007366769125724975,-0.16479966756765438,-0.08310834282925933
0.0006340703800646833,-0.1545235006895939,-0.08347952518833013
-0.006203255831822646,-0.16508014972191545,-0.08880627336299347
-0.00599138000494879,-0.1545331044306192,-0.08961463060737118
-0.014042661426150575,-0.16468980085332288,-0.09287932951892057
-0.013320418041462001,-0.15410380245735206,-0.093882446908007
-0.022600312748061607,-0.16319914135579186,-0.09474610342930885
-0.02145698281436388,-0.15297630386082836,-0.09512233567381571
-0.031264568259595386,-0.1611611248371252,-0.09287389648264446
-0.0298414023281409,-0.15137557135536708,-0.09278142977852956
-0.03951040232685857,-0.15956884103173194,-0.08833820207537606
-0.03804326216718713,-0.14995735205320201,-0.08815020764072877
-0.047014004723882175,-0.15880344263179969,-0.08266680743118986
-0.045676122144127786,-0.14908082085958346,-0.08237812193575868
-0.052604061917187576,-0.15854890458612314,-0.07531368756697203
-0.05149271324038094,-0.14862711735964146,-0.07516197147349736
-0.055932777738139865,-0.15820932364212326,-0.06648585898149982
-0.05490271475591364,-0.14821289215091168,-0.06658372609374268
-0.057871641436890914,-0.1575151582374378,-0.057128199001870154
-0.05654708438083404,-0.1475357260549952,-0.057417866928012484
-0.05906560836065436,-0.16740106647952943,-0.05704557128262329
-0.05942406494825772,-0.16700139808438122,-0.04768769545361804
-0.05805553366398862,-0.15684105791087777,-0.04778509180181692
-0.058156807644129525,-0.16709393782333742,-0.038676365216447565
-0.05639783851536598,-0.1567265994804941,-0.038688232828005334
-0.05575554827289091,-0.16778989555893756,-0.03012692950537243
-0.05411650885745237,-0.15738521958508378,-0.029880474699335607
-0.0518138583616161,-0.16898341958948546,-0.021929341496887016
-0.05077313496043092,-0.15872073622265234,-0.02157020416917958
-0.04574274976263904,-0.16996051424672717,-0.01464037214842928
-0.04524970538563678,-0.15986833783094026,-0.014522866204953326
-0.037398306819973505,-0.17016604563152313,-0.00963149046962397
-0.03737965108678941,-0.1600282997957825,-0.010224484353882311
-0.028111749351520412,-0.16979095576012349,-0.007482693380736197
-0.028324957730765914,-0.15953405418486624,-0.009236982925123672
-0.02849952209127157,-0.18029870598470407,-0.006550613660393061
-0.01912768127112311,-0.18046188898827348,-0.0071733987985586525
-0.01894112393928685,-0.16948058207090325,-0.00851840021056388
-0.010568697396845168,-0.1809744570292296,-0.010125013234250272
-0.01035682156997131,-0.16970438125024417,-0.011799345362862146
-0.0026999756503647094,-0.18177583490760452,-0.014275755433238013
-0.002480104509270449,-0.17040984470914985,-0.015955922148336903
0.0035070532903781655,-0.1826149977558378,-0.020290565498903398
0.003954790886791824,-0.17154019492315414,-0.021847937253606033
0.007681939866449487,-0.18340678816903466,-0.028447065900015805
0.008348216051590494,-0.1728998213008364,-0.029781577879972935
0.010989334849474376,-0.1840989147522396,-0.03741695849975804
0.011619632120614095,-0.17403106753720518,-0.038631895426390686
0.012752301635348127,-0.18460453994297457,-0.046904869161519105
0.013446561420265285,-0.17477593228838154,-0.04800128197373473
0.012179304116132352,-0.18484881197806546,-0.05661402815836751
0.013070781651844735,-0.1750719419410206,-0.05766619410606564
0.00967677076475284,-0.1849242822724777,-0.06589898460711884
0.010658861861647164,-0.1749555904027536,-0.06696415226172964
0.005752404034290484,-0.18508177116758093,-0.07430934337683787
0.006438668504982503,-0.17487823804072347,-0.07531578010528325
1.9763737365772564e-05,-0.18529817987493674,-0.08125356448695437
0.0006660516369510351,-0.17512827537853862,-0.08231979008673204
-0.007659735572530398,-0.18517865931401167,-0.08640058129611387
-0.006725616360967969,-0.17530760674823384,-0.0875345292592718
-0.016217386894441427,-0.1843001112363505,-0.09063611282341609
-0.015083384827335752,-0.17469824588595984,-0.09151812213303838
-0.025078860156775174,-0.18260741265645436,-0.09361398049185418
-0.023872900261676388,-0.17298023885658217,-0.09399107854027056
-0.03391901258118626,-0.18068245027412969,-0.09322166527079907
-0.03263309954386922,-0.17081578171622494,-0.09290841830630071
-0.04192498722179943,-0.17931979266246748,-0.08952694826303668
-0.040810973440249504,-0.1692844554828123,-0.0888148168955218
-0.048541109740220856,-0.17868411515828572,-0.0834364443384016
-0.0478841614216719,-0.16870634183173225,-0.08302783644893076
-0.05391795855428076,-0.1782480539153912,-0.07552060145145695
-0.05333296806372965,-0.1684585518755944,-0.0754374835037949
-0.05790229014140562,-0.17770029640580642,-0.06663656688254684
-0.05694018733006704,-0.16800651961647553,-0.06651163593170387
-0.059133568531542,-0.1873399367475427,-0.06685639500057769
-0.06175869670098507,-0.18701002953725032,-0.05758743462083575
-0.06026623804627603,-0.17721662932789903,-0.057269804710217496
-0.06227439446828163,-0.1870610098430414,-0.04827516189841435
-0.060803256651495254,-0.1770889029527443,-0.04793048761357667
-0.0605434089392895,-0.1875262667378876,-0.03918724800733251
-0.05947869959544311,-0.17741461511443196,-0.0389139336791603
-0.0575491637632841,-0.18812809933949842,-0.03047706612627516
-0.056744302131634,-0.178074538383267,-0.030354026865475142
-0.05329299149262289,-0.18869893766417808,-0.022208128139647145
-0.05246281136593992,-0.1788974007812616,-0.022117078044602428
-0.04702066748573567,-0.189280907307433,-0.015042500239808076
-0.0461198620834265,-0.17960495224855627,-0.014758899661109886
-0.0389334071505326,-0.18999921472754963,-0.0094765730148025
-0.03782205847372122,-0.180088810762065,-0.009208863411222944
-0.040676385650850605,-0.19989903549027568,-0.009758996541933776
-0.03145379069617494,-0.2009672927654517,-0.007136210778599334
-0.029714809852962404,-0.19076611614816824,-0.006816727181498533
-0.022044638409658285,-0.20220255874473642,-0.007131048510099177
-0.02031765053778109,-0.19152154110291267,-0.00729647846933572
-0.013324415698572203,-0.20347677704985917,-0.009718864192263015
-0.01170802967342796,-0.19238277897696618,-0.0099064541011775
-0.005450363742614632,-0.20460456700693525,-0.014363606500170831
-0.0038393079269522343,-0.19334530938835812,-0.014040358135364563
0.0010458290624770542,-0.20520937068526393,-0.020664818939364178
0.0023384048616475793,-0.1940277306747325,-0.020150604850190348
0.006077546812640583,-0.20526784839425044,-0.028492032289005476
0.006810450616292852,-0.194276549206331,-0.028190028743238015
0.009739400726158634,-0.20516620080101206,-0.03703834320840515
0.010323058664338103,-0.19443717825030662,-0.03694417426618353
0.01160763914928349,-0.20508392063221423,-0.04622685141730482
0.012030058250659554,-0.19462096913905508,-0.046301852575251275
0.011177224733682285,-0.20495708397881995,-0.05555817897183209
0.011410421398483531,-0.19472566976061864,-0.05582385293591731
0.008843925533331314,-0.20487542170551648,-0.06461076171142335
0.009030482865172312,-0.19482737736475692,-0.06503004975634309
0.004794298880062108,-0.2049161604144928,-0.07286582355338109
0.0051913994864053155,-0.1950460927590346,-0.07342676089862091
-0.0017485332579898268,-0.20478288607047787,-0.07945208913029543
-0.0008597208270160021,-0.19514070840109227,-0.08027034699802855
-0.009846454012156594,-0.20428869792421694,-0.08481162206893411
-0.008765754039859925,-0.19480474148208873,-0.08556241949422423
-0.018210885240373138,-0.20345513534055937,-0.08999970518377454
-0.017316742599917462,-0.19386293806228544,-0.09018606170812364
-0.026825836314208117,-0.20225901382836933,-0.09339472172469002
-0.0261062580342581,-0.19235580366368657,-0.09348143812716268
-0.03565799342439406,-0.20087381743309884,-0.09327008036699402
-0.03494374535392589,-0.19077666685606584,-0.09347375013711653
-0.04388650431084479,-0.1995153942914415,-0.08987383695184906
-0.04294438978506196,-0.18952012017769682,-0.08993838370904433
-0.05079578835072522,-0.1983133618328416,-0.08378098055164046
-0.04951653807526169,-0.18858116575921796,-0.08369889386877304
-0.056379182782181875,-0.19743113992901914,-0.07591279091594832
-0.05494002622228184,-0.1878715216869657,-0.07570586776186408
-0.05773572109512037,-0.20693583001616767,-0.07606403490070426
-0.061909275118824776,-0.20658159820496083,-0.06723761591804285
-0.0605434089392895,-0.19697541133719929,-0.06704426332254661
-0.06446777566975187,-0.2066840849217405,-0.05783712271070239
-0.06314188606132808,-0.19685447374447082,-0.05772889680573183
-0.06521533754947802,-0.20705540719626941,-0.04837125260929581
-0.06362160491462808,-0.19705191367851563,-0.04839320031760343
-0.0638321481891303,-0.20770721318273264,-0.03902783685091578
-0.06195058424230318,-0.19758319473262906,-0.03919033819373012
-0.060756617318535,-0.20849262853890405,-0.030004868155158355
-0.0590176364753272,-0.19819340922688353,-0.030300215185406494
-0.05659905392327614,-0.20902918665100173,-0.02155221563971051
-0.05495868195546594,-0.1986569862470625,-0.02190657950809347
-0.05074515136065477,-0.20933320318662843,-0.014491989696300963
-0.048854259547235615,-0.19913437232156975,-0.014872093429992765
-0.05291321406709214,-0.2200687453096502,-0.013798575023120653
-0.04560283176376303,-0.22040655055794944,-0.008349249508121
-0.042852443671513106,-0.20986486908908736,-0.0094174298542666
-0.03668938895898719,-0.221329218325704,-0.005661933263440527
-0.0337710992680851,-0.2109795128272276,-0.00674642764960783
-0.02703104937922848,-0.22277322703291505,-0.006074100685505883
-0.024312642543864907,-0.21254298986629017,-0.006563640353443247
-0.017599243702417517,-0.22421538396414376,-0.009175405696777416
-0.01527660492102551,-0.21411215358155078,-0.009236522359128911
-0.009022936647322385,-0.2254343930851497,-0.014441978946909404
-0.007104061234127077,-0.21534394155383965,-0.014399087898448647
-0.0017418704961363336,-0.22628981555091074,-0.021268239132690162
-0.00015080296602968158,-0.2160329667705591,-0.021005016224455955
0.003872172639835021,-0.2266894626443647,-0.029354842540682904
0.005298003676028066,-0.21621663961465068,-0.028819578180153755
0.007671279447490527,-0.22668261979227577,-0.038191155423344815
0.00899583650354267,-0.2160619849262471,-0.03742213577589179
0.009479553013952882,-0.22641480912880882,-0.047322006008439485
0.01082409835556077,-0.21577429835365802,-0.04657441199809446
0.009147747473754023,-0.22607341483511617,-0.05639727551182772
0.010407009463666551,-0.21546012224600505,-0.05575747662636729
0.006926382672502917,-0.2256381699962189,-0.06511057921231599
0.008072377710943936,-0.21516930953706237,-0.06456863116324918
0.0028194562673145014,-0.22497383143930377,-0.07308417809361098
0.003982774486567973,-0.21486011162466145,-0.07267095470679528
-0.0033356031309862764,-0.22412485189974524,-0.0799020763437795
-0.0025240787374874074,-0.21438990937244332,-0.07929763635192373
-0.011280280362570045,-0.22332230892871907,-0.08516062261407485
-0.01063265991061787,-0.21376108625326687,-0.08464854918510435
-0.020045809854244732,-0.22265500184133072,-0.08952830054754729
-0.019021077081500363,-0.21308465057573425,-0.08981448501811085
-0.029036540696495524,-0.2217720328139987,-0.09292300315146527
-0.02768133493592394,-0.21215803021593493,-0.09327071539035346
-0.038084571290665524,-0.22035474782066453,-0.0932849188487982
-0.03659877539780998,-0.21074595894133444,-0.09310357307139171
-0.0465129650326595,-0.21866088209779314,-0.09021158869957879
-0.044960541521287964,-0.20917998979743666,-0.0897710517284331
-0.0536194668233399,-0.2172309639700428,-0.08436912122492626
-0.05204705502641262,-0.2078521933520531,-0.08383609992914165
-0.056161976745826174,-0.2264754935932271,-0.08598223067864018
-0.06227972467775875,-0.2253011581527263,-0.07831412997877449
-0.0594373904719647,-0.21628827224305924,-0.07665849288343204
-0.06650791334864381,-0.22518336070887018,-0.06934255021518618
-0.06377484843721108,-0.21600496600043456,-0.0678890015289345
-0.06876259195915292,-0.22593879040654555,-0.0596854354837115
-0.06636266514028595,-0.21635749267445512,-0.058396578836140085
-0.06936623818288813,-0.22695976703698206,-0.049844362349003864
-0.06724348225703937,-0.21700888663628337,-0.048721355117576276
-0.06803635091734941,-0.22803003341110473,-0.0400003649148028
-0.065945576248387,-0.21785800007360673,-0.03914103691712503
-0.06492350858038591,-0.22922040165267688,-0.030442238723081876
-0.06273945524550775,-0.21887263363288018,-0.029867672289571094
-0.060968493145408864,-0.2305612384475386,-0.021369709728863845
-0.058423318118184034,-0.2196943973928203,-0.021168327181286452
-0.06410398887266665,-0.24132055224281565,-0.02266303311474436
-0.057774365113860214,-0.24289465714161895,-0.015377587631842451
-0.05555566541734766,-0.23152773723417153,-0.013839600778996751
-0.04977105557798559,-0.24324396044040267,-0.009327212235872835
-0.048191981019204806,-0.2318534739527229,-0.008122491989827929
-0.04070037159351655,-0.24291776767924766,-0.005833594127048911
-0.03928919863339266,-0.23221382074387936,-0.005186276463518876
-0.030503680856166972,-0.24289699227958716,-0.006190832332453895
-0.02928306288499429,-0.23295358324072832,-0.005981929379227665
-0.0205095380790992,-0.2433943349400669,-0.009034588586926484
-0.01952478187746632,-0.23391304625517897,-0.009278995085615504
-0.01165472757861895,-0.24429407673935793,-0.014152259996534853
-0.010701952633872422,-0.23499449610376927,-0.014487658486604693
-0.004464274988610107,-0.24525877130606272,-0.021485655117086104
-0.003460863053793127,-0.23591674009769859,-0.021604067767104215
0.001228388737207849,-0.2460708763333855,-0.030211056434112666
0.0020479084449271222,-0.23652640640295525,-0.03009733358778026
0.005665788130223478,-0.24675551782514785,-0.03953145450691599
0.006217464811516598,-0.23686558664550156,-0.03910239619505672
0.008143002986565397,-0.24721092009503007,-0.04909825090967148
0.008486801498099598,-0.23692320152283136,-0.04828617114486733
0.007781881294223479,-0.24721497869962536,-0.05874071180168437
0.008236281652485897,-0.23669027495492204,-0.05746214572155824
0.005212720324332706,-0.24661357779675896,-0.06803988770181575
0.005892322033171232,-0.23612764633865482,-0.06627872713720813
0.001251042127502151,-0.24539424383830724,-0.07639751990965137
0.0017014448286543666,-0.23520577140987484,-0.07418571899503955
-0.00421109003825785,-0.24374799994337992,-0.0836486978478331
-0.004115146267598794,-0.23401371975554996,-0.08114267585713557
-0.01193989378585756,-0.24246427909693985,-0.08888445523268527
-0.011837287253345012,-0.23296209102322776,-0.08642118777325662
-0.021413008586146923,-0.24166044102968037,-0.09237601944575854
-0.021001249903729816,-0.23217288145972845,-0.09016053323871118
-0.03136850734447485,-0.24068291948653678,-0.09552869130866022
-0.030430390475802222,-0.23121184076215945,-0.09340639840310529
-0.041509230882272125,-0.23955203417739368,-0.09663134308999054
-0.03986752636209502,-0.22988952731553125,-0.09434348533558645
-0.05109428008166609,-0.23801739023220272,-0.0939342933104285
-0.048650379034582164,-0.22820430002756326,-0.09164589472938658
-0.053398263129873995,-0.24787682917917214,-0.09667418969446888
-0.06287137793016336,-0.24564355988423361,-0.09112111626609153
-0.05947869959544311,-0.2358799652941397,-0.08836205995605452
-0.07036698501296182,-0.24372104665052807,-0.08384472747014603
-0.06629203986465976,-0.23412700750487286,-0.08089288946989592
-0.07500826491863563,-0.24366246356473473,-0.07473025129206744
-0.07054021682110057,-0.2341014645237507,-0.07172626931123302
-0.07649139570675263,-0.24527658729847543,-0.0646648527297379
-0.07214994008439132,-0.23549516531633663,-0.06180994505657161
-0.07583444738820366,-0.24709582451778184,-0.05432653127109644
-0.07203667313291981,-0.23701362685594574,-0.05179835230296552
-0.07401684595514926,-0.2486503372260122,-0.04382169777392373
-0.07052955640213687,-0.2383275310938177,-0.041658575713755565
-0.0717741603159755,-0.2501414347928032,-0.033421138225410374
-0.0679670581940996,-0.23961710506918457,-0.031706819530641604
-0.07497894876648784,-0.26063591360443883,-0.03554071539166466
-0.06973269008471189,-0.26221459571412453,-0.026084488026681632
-0.06730877732317898,-0.2518969348656548,-0.024393068972831417
-0.06137225651360083,-0.2632997697806301,-0.01806203647911429
-0.05959729675639647,-0.253415003275902,-0.01709459241330455
-0.052300239976764876,-0.2631062367231651,-0.010146250986919453
-0.05103564777737523,-0.2535902824814291,-0.010133653589462183
-0.04222614405748359,-0.2622181317548775,-0.004707368832415692
-0.04154920745338361,-0.2528928435959385,-0.0057291764451966485
-0.031171289593674892,-0.2618444294057518,-0.004089688285086478
-0.03097007418576473,-0.2525124688814588,-0.0056165753092985654
-0.020816025124265197,-0.2622838789189388,-0.006567291965792454
-0.02077338344841515,-0.25281336288872897,-0.008100237776782345
-0.011919905500301815,-0.26309607984047617,-0.011762712757700404
-0.011922570605045106,-0.25361409781882543,-0.013142473214352903
-0.00460286043511921,-0.26383130263407245,-0.019551721044838696
-0.00467215315837376,-0.254534460101234,-0.02066132876697572
0.001610831267477159,-0.2646279834163188,-0.028638330144086534
0.001349651002899763,-0.25543824238868396,-0.029588798818989646
0.0062094694972961925,-0.26580027925650257,-0.03870640155942805
0.0059216381853190265,-0.2564287894866808,-0.039304694582196785
0.008153663405529093,-0.26677592354487073,-0.04964301052233984
0.008116351939160894,-0.2572151969691661,-0.049478735460968405
0.007784546398962036,-0.26696510387466965,-0.06103949380221845
0.0076286377716404796,-0.25736338240055656,-0.059921313600591976
0.00497019579293941,-0.2666971002911094,-0.07216120616090613
0.004880914784133848,-0.25684635448445003,-0.07006089804854455
0.001032503538774802,-0.2656938993195647,-0.08259517983516017
0.0012004051374316996,-0.2555366760827387,-0.07948372933430156
-0.003468858368013531,-0.26384569072178804,-0.09147848631894125
-0.003559471929195473,-0.2534257731615224,-0.087572872263359
-0.010981788631629182,-0.26243032225826707,-0.09676690614758157
-0.011338912666860901,-0.2519517395175078,-0.09260174924060675
-0.02080669725767315,-0.2613548825054705,-0.09954430788684236
-0.02119580254979122,-0.2512083656118187,-0.0956812311684881
-0.03150576023861704,-0.2601083122445428,-0.10196148272019552
-0.03163102016141915,-0.2502301714677743,-0.0987059797720484
-0.04329351850607327,-0.25903008640693304,-0.1024348842135193
-0.04262990742567555,-0.2492808203961145,-0.099613121738916
-0.04390649259640053,-0.2688504124499307,-0.10508570400433055
-0.05656574011401814,-0.2675608623257722,-0.10262323058872447
-0.05523718540085579,-0.25767427660002556,-0.09953567596227267
-0.06808032514557111,-0.26652552300669274,-0.0978207588363746
-0.06578833506869852,-0.25582346422327246,-0.09423777779635203
-0.07692447522709239,-0.2659523315007897,-0.09094237703345297
-0.0738236258614595,-0.2544507606974072,-0.08711174382596257
-0.08227600554611944,-0.26631275260155046,-0.08193763374185412
-0.07875140452673884,-0.25457944700327867,-0.07813220523462883
-0.08341933547981242,-0.2676197796649615,-0.0712502067173629
-0.08022787255300234,-0.2560209872438584,-0.06793712215250317
-0.08247588840165795,-0.26889745297788953,-0.05979537325574224
-0.07957891954867852,-0.2576738776026075,-0.057134608114698116
-0.0808101979388149,-0.26989894845615064,-0.048276695926195094
-0.07779196682013882,-0.2591369245831609,-0.04621449344403988
-0.08307020675880111,-0.2806203697812573,-0.04945961516937932
-0.07930174865566031,-0.281275063125423,-0.03787746530364355
-0.07750546806052858,-0.2709866846201736,-0.03719331580444961
-0.07294547384944938,-0.28180840642621635,-0.02729271642827048
-0.07162624700287434,-0.2720877827825931,-0.02713061465197316
-0.0643118670424303,-0.2817104315307447,-0.017782673841869014
-0.06303394931933841,-0.27264579724618,-0.01819679126736393
-0.05458156963467848,-0.2808177145332821,-0.00918562316600621
-0.05351552773845571,-0.27209647330674686,-0.009775166998393975
-0.043914487910620935,-0.2799059362632867,-0.003045933246911855
-0.042951052546910715,-0.2711523135204623,-0.003812879251329083
-0.03266241569601228,-0.28006683062645904,-0.001459328049703088
-0.0316283550566806,-0.27103174761230886,-0.002424974405933046
-0.02191138317263103,-0.2811751828135846,-0.004181272909433157
-0.02104922178906171,-0.27181889039920176,-0.004882093977618982
-0.012193078736209817,-0.28215582681190354,-0.009986125474959568
-0.011954551861931458,-0.2726804274189035,-0.010590295121771615
-0.003576795110007927,-0.2825407836899316,-0.01755976636796366
-0.004261727028328301,-0.2731655542051839,-0.01846057262276942
0.0034724069287485225,-0.28280034954050803,-0.026376022523437383
0.00230109339527938,-0.27369776970795145,-0.027429973439689535
0.007414096840028066,-0.28367463016719147,-0.03729584102069886
0.006602572446529197,-0.27482855112477966,-0.03796599547855465
0.00905580136020517,-0.28456493382616826,-0.04999588984583884
0.008350881156329051,-0.27584380873378916,-0.049847188850325096
0.009846004915781381,-0.28480155750234565,-0.06306583258726554
0.008457485345951803,-0.2760459587114591,-0.06218972919820761
0.007656621371416629,-0.2853968680520377,-0.075418298894182
0.006069551498420179,-0.27611461842583035,-0.07423447556063287
0.002806130743612249,-0.28658163340633885,-0.08684419438104712
0.0018360326180532668,-0.2759485530172242,-0.08548224616899122
-0.003694059718589639,-0.28725201503675113,-0.09649381241498171
-0.0036007810526738748,-0.2752359072205214,-0.09465941046511198
-0.012183750869617767,-0.28631104026605575,-0.10355605481642836
-0.011390882209302998,-0.2740439436753151,-0.10087279236349506
-0.021894059991818576,-0.28397976528808955,-0.10749539841926077
-0.020927959523365063,-0.27234918256582286,-0.10396527196427424
-0.03272771076215663,-0.2812882711893088,-0.10881946696881761
-0.031732294141560057,-0.2704885170518672,-0.10515704534863453
-0.034390736120261126,-0.29281229054367586,-0.11286452604234479
-0.045930639646846946,-0.2905923744002852,-0.1126390004208467
-0.04466471489508566,-0.27904131902262247,-0.10852079210518072
-0.05795692478858627,-0.2892000636794873,-0.11040093919732462
-0.05727865563211466,-0.27777169250673306,-0.10629940924715882
-0.06948350279146984,-0.28946419152685166,-0.10538508657334691
-0.06917701574630859,-0.27771464895741493,-0.10178629190997285
-0.07936704372180466,-0.2907035388302757,-0.09753905632149538
-0.0788180321452501,-0.27819404717303375,-0.09488105461890228
-0.08575263468016814,-0.29112430201394396,-0.0873386797624534
-0.0847665459261636,-0.27868028264906264,-0.0854745460070056
-0.08685199038564417,-0.2911756417624687,-0.07505343971915682
-0.08574064170883279,-0.2795045160804795,-0.07395013784020636
-0.08600048942103855,-0.2911786696713677,-0.06219678082349688
-0.0846386208986182,-0.28015549610717205,-0.06166174498018731
-0.08735436262923847,-0.30221710605375784,-0.061072685784544
-0.08491179413452148,-0.3019912940975614,-0.04853837965405893
-0.08441208699567045,-0.2912870294740996,-0.049604749695943584
-0.08009728242071838,-0.30186647878822465,-0.03645794913784333
-0.08001199906901828,-0.2915496298870067,-0.03770884211771695
-0.07347982734992531,-0.30129143111950546,-0.02517143292324863
-0.073403871864822,-0.2914985259481492,-0.026722064656434046
-0.06510606825511671,-0.30003458175740266,-0.015242393439471848
-0.06493683410408817,-0.29079523867666285,-0.016896720291127872
-0.05572356701600456,-0.29835168047763844,-0.006397641552335002
-0.05526516900063194,-0.2895447580043394,-0.008178954169249813
-0.04567079193464593,-0.2972576363469304,0.0004460199883371617
-0.04481929097004031,-0.2885686200925565,-0.0017104576583277865
-0.03499971255347819,-0.2977159436682122,0.0017316953681389905
-0.03388969642903846,-0.28890796756666826,-0.00035611407012896393
-0.024048797174553688,-0.29890713043728667,-0.002298398475163851
-0.02308802691558202,-0.2901448848996622,-0.0037063563665800056
-0.013251125318207449,-0.29987401201867164,-0.008527080912374727
-0.012728764789062126,-0.29119627230381934,-0.009533490677533943
-0.0032823010361772683,-0.3007626737366199,-0.01609940597328954
-0.003222336179514767,-0.2917552796725568,-0.017008938772109412
0.004068057838263333,-0.30151766897303234,-0.024861086976154016
0.004275936008026987,-0.29204442184633167,-0.02562115608902484
0.008197637633746051,-0.30166614597797947,-0.035866008455822954
0.008177649348195041,-0.2925391615034019,-0.03658694499061211
0.010858744717190413,-0.3017027284174684,-0.048906353855265185
0.010083199237688098,-0.29310287254851847,-0.04977243418621794
0.012440484380705014,-0.30270011687979287,-0.06195097547935734
0.01148504433121993,-0.2937137197263531,-0.06305228807329853
0.010367032892555061,-0.3046017661087988,-0.07438319035892373
0.009113101112129115,-0.29506546816614665,-0.07531682518594549
0.004601078786372352,-0.30695089020324345,-0.086257370465061
0.0032831844921737026,-0.2971144595291726,-0.08662624075853533
-0.003372914597354476,-0.30901194146217303,-0.09681915041575909
-0.004001879316127285,-0.2986594501617994,-0.09686691937514808
-0.013436350097676802,-0.30938811171209807,-0.10550953182896196
-0.013112539871698348,-0.29829215457591507,-0.10481763531738333
-0.02454850431340471,-0.30768173832846596,-0.11222266731988406
-0.023383853541784325,-0.29584055112377783,-0.11020211832452319
-0.013393708421826755,-0.320102983246434,-0.10392606855130655
-0.025208117736692223,-0.318903557256148,-0.11150803988671734
-0.013067233091109744,-0.33043829519879986,-0.10061092634287261
-0.02540133783038198,-0.3297889551327236,-0.109156119233025
-0.012243715726280267,-0.3402831379140572,-0.09702651850553426
-0.024990911700336522,-0.34050885525079594,-0.10624805415125274
-0.00027606288883653187,-0.3388373099159161,-0.08790467797001594
0.0006020891231783316,-0.34827486234447586,-0.08390398437476018
-0.010929819089187085,-0.349878896212687,-0.09320888785698517
0.0017880607327213718,-0.35779304776195364,-0.07977893774020398
-0.008520564403728073,-0.35978155203413026,-0.08921507681486991
0.0034750720334918135,-0.3675386397336063,-0.07581926678547467
-0.005532981989571435,-0.3698088017970402,-0.08484082800193346
-0.002172284911737538,-0.3799821315055286,-0.08062438704695757
-0.012299682925832568,-0.38230082309854974,-0.0862036627537631
-0.016686445328777746,-0.3718074920386959,-0.0911453721654253
-0.023474467102961534,-0.38378906819584246,-0.08996035026886602
-0.02845155020594441,-0.37313657841464254,-0.09453777211643231
-0.034991717239257786,-0.3843747081271732,-0.09160299598863701
-0.03978490811513822,-0.37397439061248794,-0.09471992693874029
-0.044179665832308535,-0.3628125939561147,-0.09899353536228776
-0.050838430026575274,-0.3744989640569459,-0.09133776929020974
-0.05438568443625017,-0.36331096349455866,-0.09468271364972004
-0.05767175858134766,-0.35194302612182765,-0.09852698556463121
-0.06463034705892691,-0.3643437656290816,-0.08861142110132339
-0.06789776547084504,-0.35317333188247346,-0.09225610152480539
-0.0700285167109142,-0.3409793619574254,-0.09511728163744063
-0.07676590149502754,-0.35406112546327145,-0.08369632917471383
-0.07934039267440016,-0.34205244647540495,-0.08682304921385027
-0.08044241348461949,-0.3292542781695841,-0.08958080044586196
-0.08472257169794191,-0.3417455870992345,-0.07585493989574184
-0.08648154082670546,-0.32924344882908724,-0.07915748867080051
-0.08725841885857942,-0.3162222151605715,-0.0830824121869752
-0.0882391774031021,-0.3278213409830529,-0.0671971476370984
-0.08898007652097477,-0.31512801710516153,-0.0708871471656975
-0.08744231108567713,-0.3259696597602245,-0.055144452708355045
-0.0879846599003782,-0.3139090456348782,-0.058531297118403394
-0.08465061386994881,-0.3241809803095318,-0.042908864327814454
-0.08493044986770557,-0.3130020762782454,-0.04620978602311698
-0.07942967368321045,-0.32271152614299786,-0.03081418258408984
-0.07990139722228533,-0.31229451625028787,-0.034051132671208274
-0.07201135463788222,-0.3212620713089176,-0.019228437728462507
-0.07306540356276965,-0.3112200709635845,-0.02257135430675703
-0.06508341486482241,-0.31894284179159704,-0.007971080716679095
-0.06523132817792356,-0.30924542287905116,-0.012222331387697185
-0.05772905833327161,-0.3166485146436298,0.0015913771839294545
-0.05671898363660114,-0.3069795890563313,-0.003010189791136906
-0.047756236394126496,-0.31610305171894876,0.0067442256073219665
-0.04684876822996857,-0.3061468099721488,0.00331114512092862
-0.03611639143976668,-0.3161773960591939,0.00730429622998709
-0.03584988096571217,-0.3067366514656927,0.00441761503069942
-0.024504530085187753,-0.3161240801926952,0.0032516681330049834
-0.024580485570291064,-0.30757299751473777,0.00020575843269066176
-0.01318449769969619,-0.31671469272759906,-0.003645278063875143
-0.0134510081737507,-0.3084069102682717,-0.006584635436555788
-0.002642675898445499,-0.31816308176150493,-0.011226653301410462
-0.0031064041232999667,-0.3095991375018206,-0.014107391848075832
0.004002762772118984,-0.3197981789074884,-0.021624101504910835
0.0037828916310247247,-0.31090698316264564,-0.02359774741143824
0.008502792126540407,-0.3199119822875756,-0.03389114983068048
0.008052389425388192,-0.31087279523301153,-0.03509001765345588
0.013449226525003842,-0.3193187396428846,-0.045502293155409525
0.011912793642077844,-0.31030801654386175,-0.04729933560346769
0.014904373713344682,-0.32050693240269285,-0.057326609287497096
0.013414580163378934,-0.3114159169321246,-0.059819675852575804
0.01219529474457316,-0.32322107002287537,-0.06968659111732466
0.011154571343387983,-0.3137812025564657,-0.07248665060350744
0.007266183526926914,-0.32628979047615875,-0.08156231797919693
0.006006921537014386,-0.31649607717855205,-0.08473336004120142
-0.001334109470834165,-0.329089530646667,-0.09170178678891747
-0.002356177138835244,-0.31909873409850037,-0.09515237237942768
0.013517186695886748,-0.3330015504070078,-0.06627975360224098
0.008344218394480293,-0.33613697731605596,-0.07766341111052893
0.014489949926189022,-0.3429580330559643,-0.06238560235611498
0.008954527380064267,-0.3457814381772523,-0.07347773485351443
0.015148230797104891,-0.3530648328098411,-0.05844135564646571
0.009583492098837076,-0.35549797497823826,-0.06931433333565863
0.015571982450852602,-0.36323747321557265,-0.054600703278334536
0.010465641767957407,-0.36539956450358674,-0.06537116558995437
0.016074354694446916,-0.37329876929516764,-0.050872572287908153
0.011739561833939099,-0.3753588229759275,-0.06175150933157276
0.013455889286857335,-0.38547888232364746,-0.058301576667859976
0.00859340568772235,-0.387777182020685,-0.0686195813189553
0.005873666299987132,-0.3774984026566228,-0.07229555297160381
0.01112259008650163,-0.3982389963064072,-0.06478007366043419
0.0042492849606224825,-0.4008076063438385,-0.07201841853784248
0.0014002879929702144,-0.39051154904821656,-0.07646337438063752
-0.005425045247581774,-0.40305121631179447,-0.07700376244028802
-0.00831535133870771,-0.3929128394167889,-0.0815318411834251
-0.016029497010233523,-0.404675550994617,-0.08155261403684082
-0.019115688299792506,-0.3945128899086686,-0.0855171430186533
-0.026487368012155763,-0.4063942490242479,-0.0863075179577255
-0.030089257069011312,-0.39580459392671125,-0.08914960226244992
-0.03276768733326812,-0.4092290446257969,-0.09196270174528755
-0.0320028022727295,-0.41549300159859215,-0.08883420487551226
-0.03245053986913842,-0.4221623488171233,-0.0860140655198415
-0.023998160184483235,-0.42196602111091247,-0.08136842343847862
-0.012051828184962157,-0.4256743277855465,-0.07777497087310432
-0.0007078098568046478,-0.4273003433348773,-0.07351951842687282
0.0012310538419464058,-0.4410071225156202,-0.07376460212957323
0.009743398383268835,-0.43742349860049656,-0.06685674131223923
0.010676185042459617,-0.44834327477728547,-0.06470719066268774
0.002880753676348648,-0.451632830409363,-0.071443363443395
0.012308561696049405,-0.4575425644877116,-0.06177114130618734
0.005311329199730318,-0.46073536494919376,-0.06835324459919068
0.01427940665168681,-0.46613055741485715,-0.05890226945241456
0.007601986724235976,-0.4689804622627262,-0.06540355624908767
0.009953941657771045,-0.4773621996840265,-0.06259040425753422
0.0029580417138236038,-0.48007803246615205,-0.06741602193163242
0.001287021041498705,-0.4719017674772309,-0.07103829662052072
-0.00330495442647157,-0.48317197694097663,-0.07192383227529728
-0.0036194367858579744,-0.4752607673849072,-0.07678933446055217
-0.010426114293225862,-0.4859723012504394,-0.07507796193607415
-0.010748591966832671,-0.47831859169026925,-0.08025659693207893
-0.02018572785312548,-0.4798680904630258,-0.08020314249806652
-0.028716728127627274,-0.4797178962156048,-0.07824905084847772
-0.03662942410232469,-0.4776584701958476,-0.07331870650819089
-0.034741197393644084,-0.4855708301231245,-0.06841855143394031
-0.04098154014364496,-0.48340643490743757,-0.062278784728897224
-0.04235406908502899,-0.47517752580417033,-0.06627978631665188
-0.047565681405175295,-0.4815593339376567,-0.055405768375988394
-0.04820797164765035,-0.4731285926846363,-0.058529667016096104
-0.053816684574139864,-0.47951888914932567,-0.04724250750039903
-0.05485207776584319,-0.4705217269132994,-0.049591162954304845
-0.055860819910142016,-0.4615964781284283,-0.052184633323532736
-0.05950135298573741,-0.4672718398031901,-0.040008410396593544
-0.06124166638131687,-0.45742830697552156,-0.04257472726370588
-0.062150467097841694,-0.46395198832670287,-0.030298098905028797
-0.0643971503941304,-0.45319949353230654,-0.032582692235215885
-0.06645594380620645,-0.44214943058034173,-0.03605750327725679
-0.06591492754387229,-0.4500149776546732,-0.023014254244261997
-0.06776317768144614,-0.4382421935521847,-0.025893208388201236
-0.06529795579643483,-0.44767581808865625,-0.014049023779254164
-0.06708757362971308,-0.4355711096089168,-0.01639935995657454
-0.06845610491398692,-0.42379540686851885,-0.019483545347813592
-0.06359095621011338,-0.4334106763979552,-0.007718359924685858
-0.06499546640838376,-0.42186657802285565,-0.010245645556515857
-0.06706358768705187,-0.4105513461932203,-0.012709097016009363
-0.05919886359768161,-0.4202355097589336,-0.0018816791942648532
-0.06131095910457141,-0.40917364288749275,-0.004125256890175427
-0.06326048322228144,-0.3975837983083702,-0.006315642638838734
-0.05357282749037965,-0.4074849956961975,0.0030244347418207414
-0.05574622040629886,-0.39652910097753097,0.0009013456022945531
-0.07078007624775057,-0.3876072660083874,-0.01653428026907796
-0.0688745263582528,-0.3991460849190815,-0.01503043676207299
-0.06493816665645981,-0.3856642543702272,-0.007640258312369228
-0.06661318498589491,-0.37392465559335614,-0.008213690507419987
-0.0574665455163273,-0.38494103138845365,0.00014748049715539266
-0.05854458038387595,-0.3733197435659673,0.00013568266527752248
-0.05929347481597375,-0.36222948251866305,-0.00025577092570120937
-0.0482546109806106,-0.37396837791034665,0.006534100303249863
-0.049140758306841135,-0.36292887629361426,0.006879825244081089
-0.05135812545098204,-0.351716729472055,0.007620415967296871
-0.03834042134575634,-0.36276024185441264,0.01107387143481414
-0.04093623336305635,-0.3509464649770208,0.012189748983529645
-0.0441943239083777,-0.33911302266120463,0.011976950057430736
-0.03018653339204201,-0.34901420235533487,0.012703289762879148
-0.03287162641814758,-0.3372416755739428,0.012056393044007878
-0.03515562118079974,-0.3262823437541723,0.009826680169588878
-0.021944696981889028,-0.3354932824675316,0.008773073831530044
-0.02367035230139458,-0.32519218469915984,0.006047107804914107
-0.011877263824456502,-0.33486872616031954,0.0026106478218996094
-0.012644813989733676,-0.3252988448799339,-0.0002993660617325439
-0.0027106360693284048,-0.3356424622918339,-0.005913737043721842
-0.0024747742997886014,-0.3267543296270103,-0.008216511829999081
0.0048102895085076515,-0.33690489564266524,-0.016904806086829264
0.004503802463346386,-0.32839250252086305,-0.019198942438210357
0.01058557148128241,-0.3378477663471349,-0.029211470139654614
0.009614140803351783,-0.3289014912819341,-0.03186101903499568
0.015583975422187943,-0.3388009090066969,-0.04068389086999262
0.014804432285575424,-0.3290080881933692,-0.04351778782975202
0.017322956265395744,-0.34045477938974206,-0.05135708252009182
0.01633020474954246,-0.3303396998648589,-0.05474036046120014
0.015766535096914003,-0.3485361532990727,-0.037290616907247026
0.01778268683314001,-0.350614101462218,-0.04751783274849314
0.016272904997618517,-0.35831545663162884,-0.03365991368832068
0.01806652048801171,-0.36077800966233675,-0.04379049481005183
0.017119075752742297,-0.36851793825374674,-0.029919047228838192
0.01836767732369113,-0.37091412381847755,-0.040099282419742026
0.01822242911533327,-0.37960527578038744,-0.02669056579881146
0.01924849444044455,-0.38133025792876474,-0.036695765588692066
0.021765685867893222,-0.39231100271779945,-0.03423007509844046
0.019475028343392303,-0.3939915391370617,-0.04465260323421181
0.017235007808957096,-0.38340419178819946,-0.047426714294892945
0.021247322995858103,-0.4054487175021554,-0.0428280394204588
0.01771206155751855,-0.40719566476961955,-0.05295572023371923
0.015645272831217354,-0.3959616277743214,-0.055148232912971565
0.019249826992816195,-0.41936618750376076,-0.05171773462420887
0.015654600697809405,-0.42202950879454804,-0.061002410256756984
0.013691751056392403,-0.4094579563973447,-0.06225449755589372
0.00886524637125397,-0.4244682268137501,-0.06786698569469769
0.006841099320807557,-0.41170022441866866,-0.06901216766389152
0.02029588060348322,-0.4313417342438317,-0.05014629890049792
0.016415488101237823,-0.4345238609870154,-0.059260342813997446
0.02142721756584561,-0.4419762514120404,-0.04772640365809698
0.017084429391117387,-0.4452037627230965,-0.056601678775198776
0.023186186694609156,-0.45160894961248044,-0.04510522735400415
0.01859421122663888,-0.45447988965743946,-0.053833129339802645
0.024931830299670454,-0.46098998105883404,-0.04252002111568054
0.02048110538294784,-0.463404963285826,-0.051206345621786546
0.026412295983044152,-0.4703315479435782,-0.04003230004359732
0.02231336489207614,-0.4723681816097207,-0.048737937268731595
0.024077664230321535,-0.48149843609692955,-0.046357932908004974
0.018868717014913796,-0.4836653762123574,-0.05399549579954958
0.01657539438566958,-0.47476569213631153,-0.05638228328111055
0.020844892180033048,-0.49270903701149793,-0.05161994444753669
0.014336706403606021,-0.4949197135962583,-0.057691506701967384
0.012283243201011812,-0.48603961116644046,-0.06000090212045732
0.007011666024203012,-0.4973401735864236,-0.062350773481500164
0.004923556459979161,-0.48858825499221414,-0.06445561159824692
-0.00038399963082619374,-0.49995692646450735,-0.06632673193896511
-0.0021469664166999455,-0.49136674192284346,-0.0685253322088797
-0.008207414596713314,-0.5023242022925223,-0.06872757086476713
-0.009599931823653096,-0.49388692016549113,-0.07136778069927373
-0.01654919243464029,-0.5037409114279183,-0.06850957584045027
-0.017847098443287926,-0.49530141128891614,-0.07148827031740947
-0.01900242134831626,-0.48739304032964953,-0.07537298547681152
-0.025973002797230846,-0.4952272372224015,-0.06903939520251497
-0.027377512995501233,-0.48722633155002565,-0.0730658493989343
-0.02475504993079672,-0.5038533761897239,-0.06607571025665741
-0.03227597550863277,-0.5028395438935342,-0.06181548173494313
-0.0332287504533793,-0.4939109420826718,-0.06453156624648862
-0.039235896538583656,-0.5013620875869436,-0.05630907204765655
-0.03989017975238932,-0.49217519973446217,-0.05881596840292045
-0.045713433610495985,-0.49986115549857635,-0.0498859770893755
-0.046628897088874306,-0.4905544236655742,-0.05240949441540866
-0.05118622619521494,-0.49824901192008497,-0.042333446834730566
-0.05256275279370918,-0.4887751878736937,-0.044757899896822044
-0.055154567153898985,-0.49647037003266736,-0.03378103133990536
-0.05660038647564778,-0.48670276630453313,-0.03583524180033912
-0.05799423625495447,-0.476976583229045,-0.037910555609958714
-0.058973662247105506,-0.4846452505172546,-0.02645276840921844
-0.06030221696027258,-0.47443724499048934,-0.02838270020985541
-0.059817167897490725,-0.48264495662103674,-0.017055335875486567
-0.061305628895089566,-0.47223231537901245,-0.019095614424088924
-0.06336975251664748,-0.4614179648667658,-0.021020738869037624
-0.05999173225799638,-0.46986234638814556,-0.010099896822164408
-0.06223575044954179,-0.45915158887273616,-0.012212369072298838
-0.056175302269528424,-0.4669766420311608,-0.0016052723529959
-0.058420653013440745,-0.45628592156883946,-0.003726967246904821
-0.06155348363595997,-0.44508862235558205,-0.005556827509837627
-0.053122424789227435,-0.45306561403709816,0.004031651425120274
-0.0555076935320205,-0.442139589904524,0.0020566346981704085
-0.057461215306845455,-0.431117181933102,0.00016506315950370654
-0.04778821765101285,-0.4391253139612436,0.00864633949970011
-0.04949921489444924,-0.4283158325163524,0.00706237877762849
-0.05139410436497859,-0.4178614216533815,0.005363018732815329
-0.040319261615618884,-0.42543650711057585,0.012316224626715113
-0.04147591707301886,-0.41455572742068647,0.01060662737519166
-0.03103536925190908,-0.4233074533078072,0.016042891452016567
-0.03146311856276699,-0.41187513201934106,0.014559596455031385
-0.021510284909177623,-0.4221573261210603,0.018093000987390105
-0.021695509688646974,-0.4110136335690217,0.016965687386040235
-0.02084400872404135,-0.40004834805636025,0.014854542008259843
-0.011488158532333698,-0.41121868293650043,0.01573013981170906
-0.010971128212665488,-0.4003179726320826,0.014262965651727402
-0.011008439679033687,-0.3893844564018065,0.01193877598567404
-0.0017765168577659764,-0.40077031500720345,0.00958668795732602
-0.001961741637235328,-0.38945461510285795,0.007465704729629647
-0.0032942940075078747,-0.3782108006246302,0.005105236722403669
0.005941626470870038,-0.38964051968852337,0.0012542371676374346
0.004325240445725792,-0.3777766355285145,-0.0010255391112524706
0.0020385805783350724,-0.36602771764782727,-0.0026144392461892856
0.009763386668819846,-0.37794538992287396,-0.00904406283664588
0.00787915761725418,-0.3659948994069467,-0.011072438599307384
0.006106862964783644,-0.35521960574859673,-0.013075979365871845
0.012854908167860677,-0.366835454377292,-0.020393349473710996
0.011497037302550535,-0.35639777686814955,-0.02350114886142122
-0.0022802216537272002,-0.34496155988973154,-0.0044748673228972346
-0.000365343897642094,-0.35498137148150943,-0.003501378273077343
0.004936881983681412,-0.3456967819044913,-0.015051613705389329
-0.010378142407893967,-0.34528494894555734,0.00422318997833566
-0.008060833835983808,-0.35603357416126896,0.004202415497331246
-0.017214136067409652,-0.3582082754446854,0.009281616455331335
-0.014658300621221131,-0.3688937911050333,0.008591559617716498
-0.0055356470943147265,-0.3670607116406907,0.003927251799605261
-0.02510950886128988,-0.3714916418741375,0.010998515856711388
-0.022754888823016253,-0.38073778399873265,0.010599386870348743
-0.01245825665789268,-0.3790490433895558,0.009403187157646934
-0.036601440502548536,-0.3737128388183265,0.01027594806505559
-0.034461361395887326,-0.3831028892310072,0.008864821926551136
-0.027589388822375088,-0.3608273206443446,0.011712670405599314
-0.01971000665693567,-0.3468536595904677,0.01000013696556639
0.010816103041340366,-0.34693362818305046,-0.02649855649135574
0.014404666574493661,-0.37856283289313003,-0.017749166524315674
0.011549006844992632,-0.39011616325476817,-0.0068399620872781125
0.01633020474954246,-0.3906882720456364,-0.015539973851964995
0.017517508911457147,-0.402475090747422,-0.01380962193664562
0.021784341601077322,-0.4032468457351157,-0.02297098605610579
0.02065566974345349,-0.3912400411695944,-0.02442665247000266
0.021210011529489904,-0.41508866130973154,-0.021562827106670235
0.022815737135670453,-0.41633610586532066,-0.03147725776079552
0.023186186694609156,-0.4042094096201314,-0.03268702895075998
0.023172861170906903,-0.42730579130887486,-0.03020294370455496
0.022775760564563697,-0.4288857431059126,-0.04050340418624063
0.02189627600018192,-0.4174894996664366,-0.04175197703249756
0.024049680630545387,-0.4373901781088964,-0.02858548343694581
0.024116308249061382,-0.4392237834654319,-0.038467515590008085
0.025352916848674873,-0.4472054587963899,-0.02647505432521122
0.025666066655689632,-0.4490863431001686,-0.035971724934694596
0.026917333331381757,-0.4568547079049985,-0.023960396662129922
0.027222487824171377,-0.45880406424190645,-0.0333007964738072
0.02813395364544424,-0.46637676374990905,-0.02133180667385825
0.028503070652006558,-0.46836759678953827,-0.03070397010633473
0.02905341478093277,-0.4758047912037931,-0.018814314447980738
0.02949315706312129,-0.47775181877324857,-0.028218689901847484
0.030775072443328118,-0.4869804495663077,-0.025794193457534406
0.029122707504187318,-0.48878340232503703,-0.03516867730653204
0.027744848353321434,-0.47960815696514997,-0.03760888390789456
0.030745756291180322,-0.4978923923190972,-0.032799445317568905
0.027482335536377127,-0.4997161218221558,-0.04156350250412513
0.025750017455018082,-0.49065916370853796,-0.043944454054533795
0.029550456815045235,-0.508705147384617,-0.039441426865783384
0.024396144246818144,-0.5106003696803516,-0.04710307211141702
0.022542563899767186,-0.501714061332305,-0.049245928811003495
0.017895953784616257,-0.5127423416807544,-0.05354012000029815
0.01611299871318676,-0.5038752016096322,-0.05552696513367572
0.010805442622376671,-0.5151425223710068,-0.058904423352835
0.008919881018439359,-0.5062280513365722,-0.060506404387049864
0.0031619222264770547,-0.5177522328966577,-0.06306164846525496
0.0013643090789736605,-0.5087757997058137,-0.06453736106200822
-0.005123888411897622,-0.5201620951057133,-0.06519841446210689
-0.006689637446971415,-0.5111342746102904,-0.06678500062095405
-0.013888085351200662,-0.5216372212302711,-0.064432425695799
-0.015203314540660757,-0.5125853857540154,-0.06626699628854954
-0.022543012996142395,-0.5219455628213543,-0.06174300920089226
-0.02361038744473208,-0.5128198551135692,-0.06372055327696736
-0.030774188987331683,-0.5213575221494764,-0.05786965260252018
-0.03152841362891134,-0.512031282766846,-0.05972432196001522
-0.03815119890918152,-0.5203026318985438,-0.0526435261349799
-0.038729526637879146,-0.5107519803238323,-0.05439543489584237
-0.044214312193933444,-0.5191457681584439,-0.04601740392884127
-0.04494188578810387,-0.5093982028280665,-0.04782764857600363
-0.04911010960232643,-0.5179222130368509,-0.03836555286799755
-0.0499402897290094,-0.5079520584865005,-0.04016630728886354
-0.05298383934271833,-0.5166050329150222,-0.03014118863365194
-0.053780705660143306,-0.5063889984979197,-0.03181131134504924
-0.05508927208775464,-0.5151612017008055,-0.021399120274303907
-0.056056705108575064,-0.5047672186234393,-0.022932923821202038
-0.057495861668470365,-0.49467247282095916,-0.02460773909879741
-0.05634853407766244,-0.5031436521528158,-0.01371474013971332
-0.05800889433102837,-0.4928708455899219,-0.015231915709592267
-0.054694836586149986,-0.5013460982478175,-0.004606742062233643
-0.056413829143806785,-0.4908279022563285,-0.0060865632992394975
-0.05828073501456473,-0.48035431611017376,-0.007940602376313449
-0.05309310863707964,-0.4883427371242491,0.0025154402361699116
-0.05462554386289544,-0.4776084437429822,0.0005707481575150756
-0.04830791307541961,-0.4853996316857133,0.01026885354038719
-0.0497977066253901,-0.4745101408089891,0.008441944257320033
-0.05121554234736273,-0.46378886314715567,0.006302765278072405
-0.043357481019845975,-0.4714918882826326,0.015027630438208291
-0.04461541045738686,-0.4607142168130144,0.012969441767110148
-0.046102538902614044,-0.4499338859370839,0.010656718092508687
-0.03630428132397932,-0.45818713443262077,0.017885334104791987
-0.03772877980780072,-0.44735895979177454,0.015801561050756738
-0.039115966825258655,-0.4364886288410468,0.013878807410819649
-0.028712730470517072,-0.4452919255401592,0.019644487624038563
-0.030086591964272755,-0.4344326962553845,0.017637840395227256
-0.01929025266029816,-0.44362783259866506,0.02161727084199665
-0.020628135240052557,-0.4329077123142984,0.019511412217806074
-0.009697208146683798,-0.44263966989218695,0.020741906508437557
-0.010769912804755328,-0.432124828554274,0.018370613051636505
-0.011401542628266693,-0.42172400765066576,0.016870087822229658
-0.0016112803638523698,-0.43221450718988774,0.014240115121261063
-0.0017232147629522338,-0.421891877062926,0.012568099375164978
-0.0018604676570944249,-0.4115546604697605,0.011135869677733043
0.006202806735447434,-0.42263503872724006,0.00605706821635503
0.00613617911693144,-0.4120842930692369,0.004431825622150324
0.006205471840185991,-0.40118326748314664,0.003024615489985523
0.012644364893358465,-0.4128230076693434,-0.0035144076587449503
0.012364528895601705,-0.40175494457527045,-0.0050864022556273225
0.01282159435860268,-0.42356244067274407,-0.001786897595395108
0.018130483001784416,-0.42462574303477474,-0.010387049071910676
0.017757368338107152,-0.4138149277112632,-0.012224205257287584
0.018277063762513923,-0.434847766176065,-0.00884215652691151
0.021724376744414825,-0.43609765995018507,-0.018462076158985746
0.021361922499701258,-0.4259606177126361,-0.01994922134347323
0.018764777930034334,-0.44453080102509274,-0.0071775013871732156
0.022637175118054596,-0.4458026962942653,-0.016673376255350387
0.020113320928752426,-0.45391093998716736,-0.004929440251094712
0.024060341049509083,-0.45526792125397214,-0.014387555768029327
0.02160977724057167,-0.4632597160299007,-0.002545621795923524
0.025424874676672714,-0.4646588339324775,-0.011907570668056575
0.023120891628464806,-0.4726808973066149,-0.0002467071756525158
0.0267614247040602,-0.47404328712274746,-0.009466264083970881
0.0247012987396125,-0.4821935106243776,0.0018967773979478597
0.02806865857929989,-0.48349506063027053,-0.00715652804811123
0.02959443104326219,-0.4929737860859767,-0.00490395084698454
0.03147999264720424,-0.49460400822009815,-0.014120766963218753
0.03015410303878045,-0.4851854709925089,-0.016415669969126634
0.03301376042539168,-0.5040814221606312,-0.011872194370195802
0.0337786454859303,-0.505573712345921,-0.021213664794893426
0.03228618683122127,-0.49620428269927375,-0.023470997618562105
0.03522846246478929,-0.5150678453448476,-0.019103591657722085
0.03432765706248487,-0.5163220883784597,-0.028536928511548664
0.03257535069557007,-0.5070568219249973,-0.030583167476392985
0.035900068859407414,-0.5256046904411416,-0.026746451990283963
0.03320964562381999,-0.5267954369475392,-0.03576169547127225
0.03155061792283044,-0.5177166425168407,-0.03753777469534171
0.02840179667186566,-0.5283364701053671,-0.04372902912909935
0.026490916572890752,-0.5194288719284714,-0.04537095115055558
0.02201487316113528,-0.530310464414361,-0.05040549039024148
0.019906775311360418,-0.5215151297282498,-0.05185626452459566
0.014777781238170922,-0.5327274972819355,-0.05593361134370101
0.012753634187719774,-0.5239734010857262,-0.05737084294449523
0.006725167264592757,-0.5354784787698905,-0.05984090293743428
0.004994181735605357,-0.5266950024257455,-0.06151948432741936
-0.002125645578777289,-0.5379808573626147,-0.06132555538134228
-0.0035648021386773207,-0.5291538194227057,-0.06333617593805184
-0.01133758011449399,-0.5395893713459177,-0.06033099567713067
-0.012582184028332619,-0.53063875806149,-0.062408894513539294
-0.020440245355844648,-0.5402969449636549,-0.058045914172117234
-0.021476971099919626,-0.5310862296717592,-0.05982268701586564
-0.02900322688723753,-0.540273335497118,-0.05456936111773433
-0.029908029946652162,-0.5307602134117575,-0.056109193798793484
-0.036484175893966825,-0.5398290680838966,-0.04940132234517097
-0.03741696255315761,-0.5299949384351568,-0.05096816167981257
-0.042555284492939154,-0.539246960864968,-0.04285479754622987
-0.043441431819174425,-0.529086108172777,-0.04437538219216497
-0.047289843064528735,-0.5384968686654553,-0.035279078766442956
-0.04821063675238891,-0.5280757795021994,-0.03672640773167376
-0.05129016528009914,-0.5376577305870901,-0.02724142611235396
-0.052168317292109266,-0.5270390900985643,-0.028625830374302788
-0.053470220957867104,-0.5365581975830316,-0.018593492582586347
-0.05426975238003537,-0.5258209265415269,-0.019971857731870227
-0.053181057093518294,-0.5351163531742262,-0.009468965960384157
-0.05426442217055352,-0.5243180237837722,-0.01089295955194934
-0.05529315260040336,-0.513634201231774,-0.01229902766383467
-0.05237619546187292,-0.5225666027717316,-0.0019419622679263846
-0.05347155351023875,-0.5119010713695661,-0.003278640526698245
-0.048709011338873016,-0.5205323525784481,0.00656380187074756
-0.04977372068272415,-0.5097680525199071,0.005257253429663829
-0.05133680461305938,-0.4990940564946539,0.004009812908077434
-0.04490190921699711,-0.5071510535739968,0.01308167503290264
-0.046615571565172056,-0.4963238441693605,0.011828098655685224
-0.0390120277403792,-0.5043426281181862,0.02005757512286838
-0.04061508824182119,-0.49315578167809626,0.0187741238426407
-0.04206757032541874,-0.48229587278616154,0.01689673240711889
-0.032855635789702034,-0.490263928301706,0.023622802301623256
-0.03404693760873166,-0.4795642107405839,0.021691617725221983
-0.035075668038581496,-0.4689575813870624,0.01979690200366197
-0.024890970272567266,-0.4774950635708883,0.02517607164677261
-0.025898379864494447,-0.4669005544802676,0.023510621827460523
-0.027217606711069476,-0.4561365740203207,0.02163639991052948
-0.016391951254947086,-0.4653203634785698,0.025746362634470894
-0.017791131243735627,-0.4544960813456872,0.02368259860849239
-0.006960145578136127,-0.4640765224036322,0.024837672284270137
-0.008381978957223705,-0.45333252294669824,0.022964887995177957
0.0016094987151055134,-0.4630577976847993,0.020397520398899773
-2.2454818997260604e-07,-0.4527827240661188,0.018551187924233454
-0.0011915263672148606,-0.44251479520442444,0.016359757181170685
0.007422092154248471,-0.45271460807746106,0.011484206885017632
0.005929633499539432,-0.4430021903911602,0.00907182504201562
0.005820364205178123,-0.4329712240556076,0.007431991947606959
0.012896217291339078,-0.4436258516645792,0.0012116039296589142
0.012549753675066323,-0.4338615462570298,-0.00045614365980746816
0.014479289507225325,-0.45300722641764263,0.003731516004363714
0.009366286062481372,-0.462385850330194,0.013871053388907689
0.016272904997618517,-0.4623952778529821,0.006248798042459723
0.011091941381986924,-0.4722981384136207,0.015779441790692444
0.017921272279649115,-0.4719956632550583,0.008426058377958123
0.012776287578014075,-0.48221187679273964,0.017411995664525313
0.019523000228719462,-0.4816911056236216,0.010265345527938894
0.014864397142237926,-0.4919679207587236,0.019130337506587016
0.021492512631989955,-0.49133040640973796,0.012137651763813767
0.02378716781360108,-0.5010857567560432,0.013987914467070674
0.028744262631028212,-0.5012579272327282,0.006080012078433368
0.026613511390959046,-0.4916834778712245,0.004038810331181133
0.03077907010043832,-0.5112387770859874,0.00787415987962436
0.03287384242651093,-0.5120829063103709,-0.0006058800338482207
0.03145867180928159,-0.5024314081925003,-0.002692794298503831
0.03469410896430863,-0.522448753381718,0.0012102805855736633
0.035609572442686956,-0.5234677571460807,-0.007835182449809438
0.03402250256969051,-0.5136927901222508,-0.009756174546396787
0.03853319234307563,-0.533313948318309,-0.006534793855388888
0.0388103632360891,-0.5340296794852967,-0.015938980423175698
0.036776888319050634,-0.5244783356355748,-0.01730577986579706
0.04153410028093451,-0.543920515534156,-0.015019472338582775
0.04066261103077315,-0.5443448421413317,-0.024505145314251037
0.03779362577756987,-0.5349399255779039,-0.025335481407333008
0.03824802613583229,-0.5448675043614699,-0.03368514254558876
0.03513118614175859,-0.5358999895729886,-0.034322621224260226
0.03327360813759743,-0.5460545529075819,-0.04174361964316304
0.030427276274688452,-0.5372813498631981,-0.04233476925361487
0.026501576991854448,-0.5477880802160736,-0.0485586000342507
0.02416694523913183,-0.5391325114911677,-0.049219757393307036
0.018900698271800145,-0.5499522749395759,-0.054153346340611856
0.016789935317286727,-0.5414295532467741,-0.05473651610454957
0.010429662853960853,-0.5525749561748504,-0.05773616524483114
0.008424171536693805,-0.5440976737553274,-0.0583444149410209
0.0012563723369839986,-0.5552649151239896,-0.05890800985525146
-0.0006438473430319443,-0.5466459343603401,-0.05968490849908433
-0.008318016443446267,-0.5575192092846775,-0.0580686306617317
-0.010015688163180403,-0.5485361524893788,-0.058791475588413175
-0.01804698129883118,-0.5591020098001235,-0.056238684270088
-0.019375536011993523,-0.5496463602035769,-0.05679744266865962
-0.026960424103602283,-0.5599608040473254,-0.05280812936214498
-0.028021135790343207,-0.5500068217842209,-0.05337617077148548
-0.03468789529883507,-0.5602864259763893,-0.04757607694384125
-0.03548076395914511,-0.5499153115426546,-0.04813698357470346
-0.0410201841623848,-0.5602936280582077,-0.041089084473975315
-0.04167979758566758,-0.5496534608726827,-0.04167405944640778
-0.04574541486738234,-0.5600064799790196,-0.03336301624730306
-0.046543613737174215,-0.5491675046584579,-0.03415291985322603
-0.04921937889668774,-0.5593496341588199,-0.025020578988481028
-0.05035071585905485,-0.548431820796411,-0.026022775868248194
-0.051375448631794496,-0.5583302787368193,-0.016161677712557963
-0.05240684416638763,-0.5473756098306288,-0.017250685474433387
-0.051773881790509346,-0.557100918115535,-0.006898779091857298
-0.05232822357654102,-0.5460761854106664,-0.008094760901594689
-0.049635135236215044,-0.555664396836276,0.002227108089340013
-0.050441329420232064,-0.5446031378818168,0.0008816863017717914
-0.051304823356168296,-0.5334835907402021,-0.0005293379248375695
-0.04698602112410603,-0.5428729716673283,0.009338411577424027
-0.04807338385825145,-0.5316089503582024,0.008033233390925402
-0.04216484664844944,-0.5410914504902199,0.017171223707149966
-0.04325354193496651,-0.529658582713522,0.015791866358373735
-0.04373859099774363,-0.5181608831863206,0.014324218462094081
-0.03712380103169859,-0.5280152880310557,0.02242609155145083
-0.037842046759276965,-0.5159538425672642,0.02097147041486736
-0.035892522641562216,-0.5395584071574263,0.024125845574368695
-0.03469988827016568,-0.5498188369151593,0.025969435912276087
-0.02660596517310912,-0.5483564685531948,0.03190101501145465
-0.028053117047229556,-0.5383678547027864,0.03006285155231526
-0.01786975183358223,-0.5469428210832376,0.0376902652031719
-0.019043730471794664,-0.5372532343199338,0.03575106603187354
-0.008771084249341773,-0.545711369977231,0.040254319474513044
-0.009953058201774612,-0.5360485109618103,0.0383006025549257
-0.011672050759431405,-0.5263468303330585,0.03714089370769024
-0.0012834724807637137,-0.5348499496437702,0.0363833941912426
-0.003444872425352318,-0.5249462760042156,0.034864161753358984
-0.006583033257348664,-0.5154395250150557,0.03388670744365158
0.004828945241691751,-0.5234639272749817,0.03167019103356092
0.0020905501207771696,-0.5134959654009023,0.030719628305031808
-0.0005958754577000496,-0.5040690276683126,0.030022433506961967
0.011147908581539225,-0.5123444046902307,0.026959721661704007
0.009025152655690464,-0.5027327561953197,0.026164278015121004
0.01951900257160926,-0.5116296561669648,0.0219841420085082
0.017227012494736692,-0.5016954126600478,0.02070327901023749
0.02141255948977171,-0.5219423463223624,0.02326566225048617
0.027823468943168034,-0.5218803141732705,0.016815693474627545
0.025989876881668088,-0.5112826649337774,0.015494030408551419
0.029394548187723676,-0.532468138230687,0.01823191740745064
0.034383624262037164,-0.5326206163056625,0.01052113195600545
0.03268062233282117,-0.5218969732174947,0.009338726366440682
0.03647573148336648,-0.542783845464453,0.011843176049428347
0.04001632313118788,-0.5429225374143791,0.0032061814140701837
0.03734055797167909,-0.5328968702173416,0.002332604385577353
0.04310251442074687,-0.5528025183610327,0.004416132856266492
0.044838830159216116,-0.5533202498021498,-0.004839846835331468
0.04156608153782086,-0.543320096925453,-0.00575060169553804
0.04802363032417744,-0.5631903131406858,-0.003771200042061202
0.048030293086026195,-0.5636523390150227,-0.014090864114888487
0.044841495263959405,-0.5538412825361049,-0.014470261561047875
0.04797432588647864,-0.5634744459788249,-0.024609780689335534
0.0445083571713889,-0.5538094734794916,-0.024387420622327256
0.045383844078660474,-0.5634178442465871,-0.034627012915907786
0.04217639052340484,-0.553908914027843,-0.03392277434754989
0.03968984780047087,-0.5638803265895364,-0.04351282841937602
0.036666286472317684,-0.5547549026003004,-0.042249558844081776
0.033156343529010986,-0.5646721323599208,-0.051418805431348226
0.029503817482084985,-0.5561231531174514,-0.04928899912640385
0.025883272692045337,-0.5662671208643519,-0.057736132763046524
0.02178700670582061,-0.5580292833102977,-0.055223575277019196
0.01721501952340135,-0.5692615607426496,-0.06080662240496173
0.013252008774203882,-0.5608146247690249,-0.05882286235895715
0.0072568556603348645,-0.5726455090213298,-0.06091142663592707
0.003885498163537273,-0.5639151259709682,-0.05950882520458939
-0.0034528677395727226,-0.5753722458795655,-0.05944725285245457
-0.006091321432718047,-0.5665063493845278,-0.05837584148580017
-0.014139937749181274,-0.5776028497537733,-0.05714350292136217
-0.016301337693769877,-0.5684893598306883,-0.05637588693220246
-0.023911544280416232,-0.5795145783738757,-0.053498198231871526
-0.025725148056360433,-0.569879779074457,-0.05293187625515218
-0.03219735491878617,-0.5810218089496051,-0.047940116106872536
-0.03386970814348272,-0.5707461575624856,-0.047649008073283455
-0.03884945635120415,-0.5819468703817358,-0.040892615654005704
-0.04028994546347109,-0.5711477980448713,-0.04090808582755176
-0.04394247151039709,-0.5820966139652278,-0.03262322657743709
-0.04504982253009826,-0.5710779244070374,-0.03294101246307319
-0.0479068148119662,-0.5815257479716078,-0.023652696408081507
-0.048730332176795677,-0.5704731958870612,-0.024373096716075574
-0.05005755433759111,-0.5802650734747978,-0.014263368205953402
-0.05085708575975937,-0.5693528354672731,-0.015312175748980826
-0.050276092926318454,-0.5785375089889616,-0.004527361293052766
-0.05113159154803429,-0.5679515863171753,-0.005798325012642822
-0.047961449459146856,-0.5766184519646372,0.005133014817203163
-0.04875565067183327,-0.5663645110648456,0.0035759613164173176
-0.04356935684671982,-0.5744700926620983,0.01455898540308734
-0.04448348777273125,-0.5644037631160126,0.01254851169490141
-0.045533539040508476,-0.5539006580414031,0.010732961964711171
-0.040006111808604125,-0.5619956467403003,0.021196227747704723
-0.04083229427817216,-0.551784321874172,0.0188838306779542
-0.0389520628837167,-0.5720682339377676,0.023537211913413757
-0.03274903160008402,-0.5697129681130929,0.030496838656248793
-0.033944331076219116,-0.5597345494318396,0.028240301573895794
-0.024656441055399107,-0.5677724289056584,0.03613273803273406
-0.025735808475319397,-0.5580465120680269,0.034006787932953385
-0.01611078270481868,-0.5662492460691544,0.04171886154428761
-0.017016918316609692,-0.5565714629424107,0.03981570384600813
-0.006782916112891914,-0.5653266065394417,0.04434850289747636
-0.0077516816860792506,-0.5554888773009637,0.042452499651778546
0.0029926880754532464,-0.5649841932959736,0.04281691127495451
0.0018000537040567127,-0.5549409582214043,0.04072260703423827
0.000380885429712426,-0.5448532297185731,0.038473490642323506
0.010789451993935861,-0.5544069322712858,0.03761757441005144
0.009106438350275622,-0.5440172313630713,0.03552278107584368
0.007158246784932518,-0.5336758169587827,0.03336827593915686
0.01731096329406514,-0.5433307179952084,0.03176665215099823
0.015316132395761788,-0.5328114740370653,0.02972581310163573
0.024859872471672612,-0.5428953798815223,0.026619307392312993
0.022956987686922843,-0.5324537815564624,0.024764103931516117
0.027110553425071512,-0.5532026164777823,0.02843116213445872
0.03383594523784951,-0.5527722908118088,0.02157015769539634
0.03137472100995314,-0.5427294928146587,0.019899613263761266
0.03629050670390187,-0.5628266108504749,0.023076856501061723
0.04189122431616623,-0.5625083724570482,0.014919850021694481
0.03915149664288,-0.5526555523016909,0.013359575269171585
0.0447255632077446,-0.572521966807416,0.01656891977238693
0.04893776125018413,-0.5725339392299449,0.007448868239427987
0.046152726796309294,-0.5625999185786594,0.005872175697676874
0.05115912605143523,-0.582670677509003,0.008486935469744297
0.05236108828942382,-0.5828477696349444,-0.0023845784770654245
0.05050217773289101,-0.5730237101044436,-0.0028253425475930996
0.05272354253413738,-0.582790557296388,-0.013806343526062366
0.050660751464951116,-0.5732866939478465,-0.013812338547582188
0.05233576979439096,-0.5824945831676964,-0.025184056541129766
0.05043555011437501,-0.5730968544605639,-0.024847022830111264
0.04979992263375345,-0.582533835770847,-0.035944359280729886
0.04760254377516829,-0.5730947297932932,-0.035341028967196764
0.04507202682401736,-0.5832181032415248,-0.0457005099681948
0.04243357313087204,-0.5735140835838916,-0.04489468919943654
0.04000299760748563,-0.5847171358547625,-0.054550226320980354
0.0374231762186359,-0.5743318326840238,-0.05393321497627886
0.03275258016081902,-0.5869335839696699,-0.060705710189313346
0.030544540883270164,-0.57599636517927,-0.06029814920474462
0.02265716340361034,-0.5889939188926461,-0.0635279227620103
0.0209701521028399,-0.578598742840684,-0.0625538343558791
0.011656943586982296,-0.5909031024000031,-0.0637071096196893
0.010185805770200645,-0.5814359541871399,-0.06233236826091351
0.0008606042830124366,-0.5932714827406675,-0.061502578090235564
-0.001019627111447761,-0.5840529271616062,-0.06052097062312084
-0.009242807788421379,-0.5959880942094256,-0.058366081203919284
-0.011702699463946111,-0.5865536584346273,-0.0578906531309494
-0.018661287941530085,-0.5986710740754709,-0.05440889754118492
-0.02135304372948442,-0.5889864862432814,-0.054004078410461176
-0.026781862085986423,-0.6008651018075244,-0.048443435392791515
-0.02953891294008984,-0.5910294318434728,-0.04819665398190375
-0.03361119298364861,-0.6021091626959287,-0.040480114128174434
-0.036433538903896376,-0.5922924958308298,-0.040806238241314026
-0.039417123660942806,-0.6023988473971107,-0.03145442162510564
-0.041891673412541436,-0.5925920113756792,-0.032129627595976755
-0.04416234265149135,-0.6019477803742018,-0.02169837737620625
-0.046123859740536705,-0.5920973337131907,-0.02269629477615555
-0.047179241217795785,-0.600775506897465,-0.011381115105682123
-0.04861706522532416,-0.5908010898520722,-0.012878065798128741
-0.04791880778330154,-0.5987580916138152,-0.001008330775790122
-0.04913809320210258,-0.5888244199308306,-0.002904838472163531
-0.04580004951456298,-0.5960655707102513,0.009014435546943611
-0.04707796723765488,-0.5865068385120498,0.007025286698903716
-0.04089892189668815,-0.5934920153154483,0.018714012670295797
-0.042255460209626644,-0.5841243959730594,0.016619263001223582
-0.03553006839684865,-0.5914776240465147,0.028004765419059798
-0.03722107735472929,-0.5818299400230861,0.02569932959888222
-0.02922043292359323,-0.5897330117739258,0.0354073512451983
-0.03096607652865453,-0.579652757322272,0.03275050748917397
-0.02188872978233673,-0.5879445115836355,0.04177962909524907
-0.023189300895722922,-0.5777174935452369,0.038650283619346575
-0.01388142258934717,-0.5863328266671736,0.04721737191881344
-0.0150887150368176,-0.5761705072603501,0.0442016351354949
-0.0041644507052976,-0.5852892237830234,0.04902951137135892
-0.005680895302672588,-0.5752536239035972,0.046496831485641175
0.006008254089386032,-0.5846797629226174,0.047345935154184816
0.004226631570328181,-0.5749276004243317,0.044889369502999744
0.015631947307515104,-0.5844691309809904,0.04330713819205321
0.013673095323213038,-0.5747463836619374,0.041085259660289995
0.012261922363089156,-0.5646649141551566,0.03941984218295368
0.022822399897523948,-0.574256114421093,0.03675449197600944
0.021119397968312695,-0.5640828345352569,0.03531646137873157
0.03120282175418603,-0.5736264842374188,0.03130363209021431
0.029223981484328223,-0.5634262734221778,0.02991876272580611
0.03314168545293709,-0.5838773229918883,0.03243691176939076
0.040586655545669835,-0.5834412734949146,0.02539731274951952
0.03851853426700173,-0.573014905929006,0.024447004935668284
0.04257482368211969,-0.5940025816198142,0.025773992049961624
0.04935485014208308,-0.5934725137103267,0.017861064828681224
0.04725474760652862,-0.5828472453004246,0.017737237684825158
0.050959243195891984,-0.6042373271363036,0.0167889771100346
0.055877693994579265,-0.6034936646992227,0.006921378064292422
0.05349375780415785,-0.5929542834069436,0.00845705313446506
0.05778324388407706,-0.6026622514795227,-0.004251269164360292
0.05478766615569528,-0.5926263298080853,-0.002667639573791108
0.05815635854775432,-0.602162340916842,-0.016125770779582306
0.05497022583042134,-0.5922884839368101,-0.014445343980867062
0.05792849209243492,-0.602016087016355,-0.027593311402307603
0.05452515333875098,-0.5919502680784562,-0.025899235631476364
0.05595764713679752,-0.6021322622632036,-0.03828391601339086
0.05264092428718058,-0.5919432743438302,-0.03673440549143895
0.05171080273272835,-0.6026881720864572,-0.047958122196755396
0.04823683870342294,-0.5927462144050432,-0.04650459049527646
0.0444750433621309,-0.6045790758370745,-0.05530530344235628
0.041536765385673066,-0.5947880504667379,-0.05417212772213746
0.03532707134019164,-0.6073103231686798,-0.060274757714357946
0.03322163859515533,-0.5974448483642074,-0.059681664607535115
0.025198340773724962,-0.6099162082767073,-0.0637044192892679
0.023286128122378413,-0.5996116895432558,-0.06349874756628265
0.014821755466387879,-0.6124534960177734,-0.0644786279555072
0.012692336778685627,-0.6014711939286546,-0.06436713472724738
0.005126104420260967,-0.6149148020774038,-0.06246016774736614
0.0027075218682146374,-0.6037274942859473,-0.062135208510605035
-0.0043163616755089555,-0.6172050951077278,-0.0590900473483795
-0.00683222055059072,-0.6063068841274087,-0.0587515749477613
-0.013909406189123319,-0.6193063054698752,-0.05498667461216812
-0.016297340036659676,-0.6088198321233773,-0.05489656066655016
-0.0223791090545957,-0.6208201537055523,-0.04865966434708821
-0.024459223304599147,-0.6107447944357906,-0.04869931333477542
-0.029356353265359045,-0.6214404315947026,-0.03990940835986123
-0.031176619803156738,-0.6117190836170254,-0.04011643250064909
-0.035664656186242816,-0.6213044731476884,-0.03027163868938112
-0.037314356020645055,-0.6118674299826468,-0.030820971262656136
-0.04093623336305635,-0.6205602513447906,-0.020010758903463717
-0.04240204097036089,-0.6113136330774736,-0.0207882924275604
-0.044443511201619754,-0.619341299831533,-0.009179369734228018
-0.04579338675270949,-0.6101807694569399,-0.010109696262146096
-0.04520306605267653,-0.6173505252484002,0.0019557851598761226
-0.04662489943176411,-0.608198275989482,0.0007176783204629925
-0.04391715301536423,-0.6145200847809386,0.012865318468362988
-0.04485393733166522,-0.6052785320391555,0.011124362897342676
-0.04087626850639385,-0.6122198473223054,0.022791537118948386
-0.04089758934431651,-0.6027009313433509,0.021086435196618382
-0.03478383906949413,-0.6109619039219861,0.03140798862295743
-0.035162283942653236,-0.6011798999243979,0.030318483699579738
-0.026640611534738762,-0.6097148172514575,0.038719910407250306
-0.027853234191691043,-0.5998726670633086,0.03766473608493667
-0.018484058476281137,-0.6081991178788112,0.04567062575397773
-0.020353629451777645,-0.5982527134161059,0.044421680514212636
-0.009650568813723549,-0.6067391373066277,0.05089462231866548
-0.012119788355845063,-0.596638496550669,0.04983409118018716
0.0005367940570339826,-0.6055264764224549,0.05241937017044467
-0.002008380970190843,-0.595404795373648,0.05130542557374941
0.010841421536373224,-0.6046550261814695,0.050888994664801485
0.008408180908252997,-0.5944883682725033,0.049712182759564634
0.020554395763312593,-0.6041898522300718,0.04685418964292962
0.018257075476958175,-0.5940907331770682,0.04575768709401677
0.029046752019079275,-0.6042219479043064,0.04074985161119005
0.02700528178782041,-0.5941428252115032,0.039905310079256254
0.03677822087142228,-0.604430766426329,0.03347511303729106
0.034951291571771084,-0.5941933901643086,0.03307615064675613
0.0387877098457948,-0.6144266177426804,0.033936768924548305
0.04567567304775258,-0.6145534136300059,0.025027867300488782
0.04430447665873545,-0.6044588971235848,0.025590439583763315
0.04728939396815353,-0.6239631071176642,0.024696226781606673
0.05318727075899658,-0.6241691730284975,0.0141433495931681
0.051967985340190814,-0.6145841776190374,0.01512169780500431
0.05898254101732235,-0.6238745971794292,0.0032600276928809327
0.0574967451244668,-0.6140039083733074,0.004591337602558273
0.06243385165633819,-0.623699966370767,-0.008386226617053263
0.060469669462549544,-0.6132507559928476,-0.006766125482302744
0.06380638059772223,-0.6241646338878072,-0.020475530808739505
0.06154237412062107,-0.6129973992424882,-0.01864599360929839
0.0641128676428835,-0.6251339324156749,-0.03248622519288731
0.06168628977661202,-0.613203241235937,-0.030423504530451683
0.06280563376764381,-0.6262646607546815,-0.04377248486521542
0.05970611695438257,-0.613569749358252,-0.041331334539071
0.059197081948939495,-0.6272394332946328,-0.05378296171307692
0.05546060510268505,-0.6138988131280811,-0.05094676775872329
0.05261294068740442,-0.6283834847797373,-0.061520515322371586
0.04853799553910236,-0.6151523649484356,-0.058474532018113645
0.04323177200066392,-0.6301534173209096,-0.06588204147719155
0.03917814769028451,-0.6176938262965889,-0.06308385747182957
0.032558027514757615,-0.6322580478693003,-0.06749804458594465
0.028770913678432715,-0.6205147675510837,-0.06534372373223662
0.021588456402649014,-0.634643262623678,-0.06748150577979478
0.018206438486887723,-0.6233959007847855,-0.06561907560712847
0.01094935827836762,-0.6370644495673228,-0.06467570717533022
0.008139005329455195,-0.6261334771051235,-0.06342859375125035
0.0006993654462090323,-0.6388749823930496,-0.05977831801586119
-0.0016592522491795303,-0.6282208633386712,-0.05948386962412553
-0.009385390892040683,-0.6401235879373722,-0.05445346301899227
-0.011457509827818992,-0.6298630961850575,-0.05476459727514306
-0.018549353542425488,-0.6408147959949428,-0.04753511892712774
-0.020353629451777645,-0.6309791066396977,-0.04829842627649892
-0.026283487499502312,-0.6406623947059044,-0.03857171652998158
-0.027731971925994393,-0.6311726864077385,-0.03949577840025967
-0.03294225169377378,-0.6399741940343753,-0.02857439120982934
-0.03416420221731337,-0.6306793229497607,-0.029552064058242917
-0.03850965549678489,-0.6390571295067193,-0.018134523147921782
-0.03965964819233137,-0.629801343301039,-0.019195942453762542
-0.04214219325815514,-0.6377418852359857,-0.007237011731785281
-0.04324821172548467,-0.6285235851374315,-0.008331548211151504
-0.04277915329114835,-0.6358170577432667,0.004027749268586987
-0.04383853242551763,-0.6265401611821442,0.002926241844048364
-0.041230727436887014,-0.6336152216432677,0.014754027772033248
-0.04247666390309255,-0.624079274013585,0.013753766247435104
-0.03826046820354283,-0.6315247581773588,0.02432022269822367
-0.039679636477887116,-0.6220619878148573,0.023341667061127794
-0.03207875775783282,-0.6295645456764922,0.0324306025913187
-0.033368668452260046,-0.6205030922336876,0.03141151475184375
-0.024126085212028643,-0.627762342870433,0.040395230488349095
-0.025197457317728527,-0.6189796188853793,0.03908044487964725
-0.015479152881307315,-0.6263909228347034,0.04753059920266318
-0.016667789595593646,-0.6175374134062556,0.04624609054309651
-0.005871450291623787,-0.6255139812440346,0.0526204065056948
-0.0072719628327839745,-0.6163032125914015,0.051360670847642086
0.004199980522918942,-0.6249676811063132,0.05463771145987505
0.0027261776013987366,-0.6153922185265366,0.05329610404965586
0.01454591712574132,-0.6246429230706588,0.052282683917926266
0.01289355218660052,-0.6148143728108093,0.05142879929114316
0.024632006016357948,-0.6240361445458437,0.04856828392113965
0.022542563899767186,-0.61440555062964,0.0473209991648484
0.03357476497327685,-0.6237905140020877,0.04282227976059945
0.03115751497359743,-0.6143108607478895,0.0415064949461364
0.035453663815365404,-0.6329809276306234,0.04364482517615171
0.04368084214944922,-0.6327603762402902,0.03515652219353567
0.04104771866578575,-0.6238481118946455,0.034402067783770904
0.04572364493307974,-0.6415797569045254,0.036089052720914935
0.0520039642541921,-0.6417835134390992,0.026482288650545853
0.049913189585229695,-0.6328503966249406,0.02538525390883382
0.056186846144483826,-0.6426141217145372,0.0155049399868041
0.05489027268820783,-0.6333481306441049,0.014356849924042748
0.0606215804327609,-0.643110981295947,0.004896291202999914
0.060131201160501926,-0.6333628287844499,0.003451167864800073
0.06341994041034271,-0.6437412807521716,-0.006254012285642181
0.06328935027805402,-0.6336144547025558,-0.008163528695187642
0.06471651386661871,-0.6452205304481599,-0.01742383839818957
0.06464189093388231,-0.634703253904235,-0.02009230794495685
0.06454061695374141,-0.6481630452374023,-0.02810624540287101
0.06478180893276304,-0.6368954275937078,-0.03176876022466089
0.06272035041594845,-0.65205587095584,-0.038064067592041145
0.06365713473224943,-0.6396325066094528,-0.04266279356388927
0.05851614768772933,-0.6552765864782103,-0.04691405959535931
0.06023514024538139,-0.6419712207471227,-0.052303639761076055
0.051464280544229586,-0.6569646017614924,-0.05419701162876766
0.0535710458416328,-0.6434431890291109,-0.05980760191675272
0.043014565964308214,-0.6578099368413263,-0.06011850928653106
0.044662933246343545,-0.6443543561269552,-0.06481727501995438
0.033733338705341696,-0.6584551306863397,-0.06371039294571751
0.03443825890921782,-0.6453404388231447,-0.06734797256027628
0.023740528480645565,-0.6589714869202052,-0.06383427224872945
0.023569961777250112,-0.646606970978808,-0.06720672367850186
0.014058202958220906,-0.6589100900773888,-0.06026730306090992
0.012941524071927682,-0.6479138469466776,-0.06384044136498249
0.004310582369651895,-0.6588616566550205,-0.05485732031177343
0.002615575754665784,-0.6490213510235903,-0.05854431224460392
-0.005815483092071487,-0.659318884163609,-0.04956461024597388
-0.007569122011353189,-0.6498940362068163,-0.05294026134286786
-0.015539117737969815,-0.6594364680246909,-0.04328891616112919
-0.017007590450017644,-0.650246346252628,-0.0459410797358855
-0.024409918866895607,-0.6591033692152892,-0.03544049302373653
-0.025269415145726372,-0.6499314235206557,-0.03724104829709524
-0.03184289598829301,-0.6584315275935879,-0.02602008484197478
-0.03235059844136917,-0.649240409305108,-0.02746894223351195
-0.037122468479326945,-0.6574497601174348,-0.015186116024620746
-0.03776342616943036,-0.6483169707089979,-0.01683055463787033
-0.040485830661904136,-0.6560873193469858,-0.003675870197365668
-0.04119608107525737,-0.646964262694585,-0.005650735193025758
-0.04166780461433697,-0.6542227094520903,0.007794423319459894
-0.04218750003874374,-0.6450552224277616,0.005652753367049251
-0.04032059416799053,-0.6520408697122915,0.018772662839885212
-0.040653732260556304,-0.6428767483818042,0.016497753504850013
-0.03678933038675645,-0.6496403769256245,0.028758320048843197
-0.03727571200190995,-0.6406025647254845,0.02628418920945137
-0.031119320051232795,-0.6472403201546243,0.037647273790677775
-0.031445795381954536,-0.638400015897529,0.03486502499468467
-0.02341983245578088,-0.6454864515516376,0.045289673690527436
-0.023735647367538932,-0.636557851085444,0.04282677763602785
-0.014772900125064286,-0.6444167700253944,0.05180831605345372
-0.015155342655333595,-0.6352561348398267,0.04963070271564609
-0.0052184996301850315,-0.6437803194262591,0.05627174697951016
-0.0055063309421669315,-0.6345661249957036,0.0543963456045766
0.005821696757545035,-0.643431053778198,0.057310648380702656
0.005115444001302006,-0.6342747648798692,0.05608051572620956
0.01716971274281275,-0.6430364308084656,0.055317712754332206
0.015947762219273152,-0.6340266422312781,0.05384982020480203
0.027828799152649884,-0.6424060366596026,0.05127937388840058
0.02635499623112494,-0.6333432563444372,0.050005758051672226
0.029326588016840772,-0.6512147780710039,0.052207850763841476
0.038721082227283536,-0.6506856150307296,0.04564348993901326
0.03697810372696079,-0.6419692304866155,0.04438368853529549
0.040166901549032324,-0.6596563580772019,0.04668075682817116
0.04820485744653186,-0.6596564354988826,0.0388092615827249
0.047133485340831976,-0.6503391468605747,0.03727978655946032
0.05461976455704312,-0.660502597883156,0.03019597528036838
0.05358703647007835,-0.6508366660921193,0.028066342860406115
0.059163768139681494,-0.6621460949683078,0.02073536850734734
0.05772461157978147,-0.6522310103256348,0.01783819787600211
0.06201409765970068,-0.66363018974062,0.010671601624607212
0.0609174070589632,-0.6533741081806266,0.007494130788742891
0.06306148382273935,-0.665119641329107,0.00034934417406623785
0.06285893586245755,-0.6544694366502185,-0.0031420204654807027
0.06289224967171081,-0.6672677807482675,-0.00954169477340442
0.06386234779727452,-0.6563160073377031,-0.013462400238516435
0.06148240926395857,-0.6701084831923088,-0.01885475432037947
0.06331466877309161,-0.6592758784720272,-0.023137292469472638
0.058580110201502035,-0.6735414906438594,-0.028036772822587593
0.06077215885060534,-0.6631161565361654,-0.03247841067069844
0.05416536419877597,-0.6769679768955088,-0.036992288578084856
0.05625214121062817,-0.6665781938226826,-0.04135245268614878
0.047689159679235295,-0.67959304945865,-0.04457813756019812
0.04933352930415569,-0.6686744816136442,-0.048985056773629285
0.03960189934403222,-0.6815462414046984,-0.05008604361473872
0.0409637678664573,-0.6699556814082821,-0.054928248995706794
0.03091765554694742,-0.6827002487144748,-0.05312756541627205
0.032182247746341805,-0.670790776026235,-0.05839520510232335
0.02190027365729212,-0.6826584820657816,-0.05354754481754974
0.022902353039742192,-0.6710078502583207,-0.058876454384993795
0.013391926773084631,-0.6814883625528404,-0.050989830928036495
0.014086186557997055,-0.6701204491711408,-0.05559899834986839
0.004788968670584995,-0.67997655625399,-0.04655365619156969
0.0051274369726326124,-0.669133742352034,-0.05041515564954353
-0.00486270814732496,-0.6790562535597421,-0.04234090845394449
-0.00481340370962142,-0.6689449544426723,-0.04568285682377883
-0.014615658945371084,-0.6785312383681152,-0.03778227909154668
-0.014690281878107482,-0.6687742852159961,-0.04034147788203958
-0.023254595961867273,-0.6778342880102808,-0.031189718142614738
-0.023697003348799085,-0.6683496088616834,-0.03332372784710282
-0.030350437333583974,-0.676816224429344,-0.022069626199688202
-0.031047362223239686,-0.6675536090312658,-0.02411318608410805
-0.03578192079482927,-0.6755858125862361,-0.011339572667099668
-0.03638156936145428,-0.6664571875852101,-0.013269159533447617
-0.039298526499984714,-0.6741540380127535,0.0001783040383751282
-0.03997679565645633,-0.6651129328707032,-0.0016695358438099438
-0.040507151499826796,-0.6724932300882503,0.011917515843399416
-0.04123205998925866,-0.6633724321407082,0.010019951829447845
-0.03900269987378715,-0.6704740238915358,0.02313780577895391
-0.03982355213387333,-0.6612350437916151,0.02116099870476989
-0.0353968131598214,-0.6681633180196312,0.03353436687685268
-0.036264304752867835,-0.6588080067644781,0.03137971623630752
-0.030177205525449963,-0.6659679893899308,0.04276953288233511
-0.03077818664444662,-0.6563989038508614,0.04046850803331497
-0.022874818536341258,-0.664327924310124,0.050056734742925615
-0.023223947257352568,-0.654686195324255,0.04788591988314586
-0.013666881657734758,-0.6632571570965924,0.055514645049172466
-0.014278523195690377,-0.6537861926657821,0.05406698141107052
-0.003276970826695421,-0.6622931766724244,0.05865710879215274
-0.004410972893801098,-0.6531491214818154,0.057888109953736215
0.007960443311839338,-0.6613121864650537,0.05869859087355392
0.0067225021598542,-0.6525181112780469,0.05802204699005455
0.01945504005783656,-0.6605715517238677,0.056365362989809986
0.01829305439095473,-0.6519030233296036,0.05588803225971414
0.020598369991534284,-0.6690948366067573,0.057348306951705896
0.03141069992394969,-0.6688078088355546,0.053393060271729256
0.030552536197490567,-0.6600128775402344,0.05262589707327115
0.032216894107966715,-0.6775585420272598,0.05546990816923984
0.04150211902404816,-0.6782448711787852,0.04963019387160154
0.04097576083778791,-0.6689467691468424,0.047746355898619176
0.049372173322895535,-0.6793654455374448,0.04255613707624597
0.04890844509804106,-0.6695883669402032,0.04052986078497332
0.055312691789583895,-0.6809494687500206,0.03426921246410631
0.054855626326578186,-0.6708221439113203,0.032201117508077595
0.06015385455079623,-0.6827748166989968,0.025197339934767582
0.05959951276475982,-0.6724264803933534,0.023092103522987344
0.06393430562526764,-0.6844054508577533,0.015648715858349597
0.06328668517331547,-0.6738896987061204,0.013450651815239597
0.06540011323257217,-0.6860772437482212,0.005621915274876413
0.06456860055351757,-0.6754673370928929,0.003336739080504672
0.0650190032546745,-0.6882737550910889,-0.004091637425442715
0.06361316050403247,-0.6776909755404283,-0.006467285803335612
0.0628016361105336,-0.6910486589208318,-0.013309097834626244
0.061235887075459815,-0.6805312786276847,-0.015704390915078494
0.058604096144163245,-0.6942132201929051,-0.02187021722710817
0.057729941789263314,-0.6838004628167246,-0.024648740603612045
0.05317927544477144,-0.6975665765936039,-0.029842680245641226
0.052930088151529386,-0.6871687616581871,-0.033182137359379665
0.0465165135933945,-0.7007478046250856,-0.036504798632065016
0.04643522789880935,-0.6901439009893803,-0.040185144879908756
0.03840260221078693,-0.7035338133060394,-0.04124476280151848
0.038530527238332335,-0.6927042533363361,-0.045346055314434794
0.029358569273727122,-0.7054569686392754,-0.04382783390141456
0.02981296963198954,-0.6943228455758017,-0.04829585215669214
0.019790843255145615,-0.7057905688571876,-0.04442173902540231
0.020718299704859285,-0.6943051065757915,-0.04872370064900857
0.010496290472472114,-0.7042542186398766,-0.043427723685910434
0.01204071866962325,-0.6928400292677783,-0.04709234173019005
0.0019559623313782693,-0.7018260706596627,-0.04034759371400727
0.003539034547264517,-0.6908380145910014,-0.04345029148313514
-0.006427124630027108,-0.699883621998586,-0.03637608529300204
-0.0055063309421669315,-0.6893574717791918,-0.03938440704746696
-0.014844857953057393,-0.698583699921203,-0.03244783854328133
-0.014647640202257435,-0.6884173772509344,-0.035209075354384
-0.007573119668463392,-0.7109836963389534,-0.03303560094846486
-0.015548445604561865,-0.7096560432739268,-0.029155472552437132
-0.008703124078458866,-0.7225583516306491,-0.02922355641214695
-0.016601161977082387,-0.7214443467368699,-0.025173068196521278
-0.017083545935120955,-0.7330995479701172,-0.020459782308392304
-0.02388222812826844,-0.7315576226109265,-0.014096868571978456
-0.023537097064367327,-0.7201323375173819,-0.019199388837527098
-0.029289725646847783,-0.7292744478003128,-0.0056417183600126816
-0.029109831076860278,-0.7182843141277837,-0.01037682626978049
-0.03342463565181235,-0.7266752309537217,0.004123019808039499
-0.0335165817653612,-0.7160791797071999,-3.701063730160649e-05
-0.03381773860104535,-0.7053218861909581,-0.003943367849024599
-0.036398892542266734,-0.713671633244919,0.010276421898679947
-0.0370278572610348,-0.703335654353243,0.006834681958593372
-0.03754888523781322,-0.6932144766933591,0.004104331641192229
-0.037647494113215565,-0.7010623798830582,0.017461974611625925
-0.03836440728842229,-0.6912866745126558,0.015174521665868572
-0.03928253587154391,-0.6817649603468702,0.013494723876090877
-0.03636957639011894,-0.6891789088412396,0.026003902728001342
-0.03765682197980761,-0.6797756934541732,0.024596572427675666
-0.03244121200254638,-0.6871218595010864,0.03605799424943767
-0.03396698446651342,-0.6776332441793843,0.034926057082732206
-0.027104339759593234,-0.6852987128622253,0.044964639575061846
-0.028821999764878377,-0.6757303430233657,0.044048159539187795
-0.01976064364700612,-0.6834667531978081,0.05174578815417641
-0.021586240394280934,-0.6740492272779912,0.05103265199249748
-0.010624664596397467,-0.6815435946094027,0.056357031978298056
-0.012321003763755225,-0.6725199942885497,0.055741912113907326
-0.00047061553489319914,-0.6797274313705577,0.05962693958272762
-0.001851139790502375,-0.6711019210560789,0.05882468776252675
0.010457646453737002,-0.6782862739279995,0.06076404050570366
0.009310318862929073,-0.6698576256360338,0.0595230753953761
0.011198545571609675,-0.6865934484703452,0.06280524197004196
0.02216278647423643,-0.6860282218066037,0.0613257816602699
0.02161910510716372,-0.6775332370459523,0.059268934439881904
0.022473271176512634,-0.6945832139772973,0.06362813741564945
0.03281521012222008,-0.6948845860377901,0.06003977627734405
0.03263531555223257,-0.6862652258743813,0.057814371190694394
0.042103100143040084,-0.6958740896990595,0.05457744098742099
0.04181926648817312,-0.6872603455834226,0.05204424157675752
0.04972663225338869,-0.6975024352174187,0.04723820724638683
0.049448128808003575,-0.688734173213485,0.04469353483802154
0.05558719757786355,-0.6995853025534875,0.03886329066655715
0.0554139657697248,-0.6905825145740927,0.03631738515654041
0.060144526684204176,-0.7021095568814231,0.029669831225690106
0.060420365024850736,-0.6926942171974502,0.027273669651988283
0.06340661488664047,-0.7047488631913776,0.020137171159238607
0.06395162880608009,-0.6947820926643093,0.0176928028398119
0.06507230534948351,-0.7074481055041113,0.010610156510270766
0.06549339189849267,-0.6969206100829156,0.007857681274488599
0.06548939424137773,-0.7103088800325371,0.001281211649771162
0.06600642456104594,-0.6993522652967388,-0.0017187128548706615
0.06397028453926419,-0.7132342564495756,-0.007662280585787026
0.06428210179391204,-0.7020668828107332,-0.010875191983951985
0.06000727379006672,-0.7161834963990777,-0.015822095726425133
0.059799395620303064,-0.7050365871951457,-0.019125514339398696
0.05451582547215893,-0.7193232507000917,-0.023213348397135538
0.05410406678974656,-0.7082612860239357,-0.026705545436883783
0.04803695584787969,-0.7224703666692169,-0.02972373306958904
0.04753858126139559,-0.7115080394255999,-0.033411294137008815
0.03992704212238232,-0.7249902412362897,-0.03428253433330347
0.03933538886997771,-0.7142958584108117,-0.037988675151856346
0.030096803286856502,-0.7263077786074356,-0.035985295246343765
0.029743676908734987,-0.7160900422351351,-0.0398661618458417
0.01946303537205696,-0.7264471061465532,-0.035872626737182445
0.01950567704790701,-0.71652883691103,-0.040191667144834554
0.009087782617091523,-0.725489427321824,-0.034689008921658195
0.009514199375582524,-0.7152475541729437,-0.03930158379197648
-0.00024008397483524374,-0.7239259497169291,-0.03233724657950542
0.0006060867802885338,-0.7129428387227235,-0.0366339017754185
0.00914908002612567,-0.7355793145313816,-0.03006257489144243
-0.00037866942134434607,-0.7347051423236699,-0.027780479680524432
-8.417534751368714e-05,-0.7455741037986485,-0.023569709195806254
-0.00877374935408033,-0.7451969581209962,-0.020269581754067935
-0.009226817159975835,-0.73400215504658,-0.02485518528500516
-0.008072826807319149,-0.756710311189333,-0.01620333851468762
-0.01574966101247676,-0.7556020972168943,-0.011226683152705277
-0.01650655075879024,-0.7443881075361128,-0.015457923733924727
-0.022364450978521803,-0.7533428579118389,-0.004282542366609951
-0.023218617047870718,-0.7425649558014931,-0.008831307055623903
-0.02801047537137951,-0.7505036577795592,0.003984457009671619
-0.02872738854659097,-0.7399608631642033,-0.0006736748956593689
-0.03245053986913842,-0.7476933990902115,0.013083132728166195
-0.03302753504546914,-0.7371763723652028,0.00859304022591198
-0.03501970083903393,-0.7448938230359223,0.02243105535192791
-0.03563400748172811,-0.734379343617076,0.018216818396403732
-0.036011119802515576,-0.7240175240831215,0.014113987478677118
-0.03637623915197243,-0.731271498157803,0.027902925738129872
-0.0366227613404712,-0.7210599550358814,0.02411137394467062
-0.03697988537570764,-0.7110205203261513,0.02053393839716998
-0.035196930304278146,-0.7179331878634309,0.03384801948892649
-0.03521558603746225,-0.7082850150294301,0.030621774683231722
-0.03551141266366455,-0.6987233054539065,0.02793167794541357
-0.030927432509914685,-0.705864482500338,0.0401102776218724
-0.03134452140181363,-0.6965625973712443,0.03767873316352425
-0.024791028844798006,-0.703788825666927,0.048634480041826474
-0.02564919257125239,-0.6945938458677743,0.04639938558135425
-0.017212803515038008,-0.7016529935561652,0.055677879922451455
-0.018281510515999334,-0.6925732002026282,0.05333145514836959
-0.00844727402336332,-0.6990935406997479,0.06117460292526502
-0.009370732815966785,-0.6903631417962784,0.05827166805295002
0.001120451995213453,-0.6962991474368134,0.06522824905336988
0.00047949430511003805,-0.6881409213723871,0.06172333543984095
0.0019826133787827736,-0.7047551885054711,0.06886265532834202
0.012413833333300511,-0.7030987043616672,0.06938830667498776
0.011702250367570898,-0.6947266002641029,0.06601019531929889
0.013587811971512945,-0.7118386468521695,0.07199679358158616
0.024158949924911428,-0.7112464418427922,0.06956573588021728
0.023132884599795414,-0.7029463603242798,0.06668238697105595
0.03448223313743478,-0.7113817796350629,0.06587522637917627
0.0334868165168382,-0.7031955660407334,0.06287787508223075
0.04351160799842542,-0.7124955102229736,0.06035624371146468
0.04265610937670485,-0.7042016696539868,0.05729969341364985
0.05100988018596243,-0.7144196305794152,0.053281081554715275
0.0503409388960876,-0.7059285819918684,0.05022216179655415
0.05691974994813609,-0.716928791018218,0.04518424851209952
0.05633742456232827,-0.7082409057438583,0.04205233499417131
0.06086143985941091,-0.7200908666957951,0.03608209231028018
0.060287109787823485,-0.711213669174284,0.03271331838784654
0.06324937370694726,-0.7236509903421904,0.026800799356348867
0.06298419578525967,-0.714360383663119,0.02323796159823497
0.0643034226318347,-0.727390039208241,0.017704341932738715
0.0643487294124233,-0.7175567115282403,0.013957421003397747
0.06417816270902785,-0.7310751001028128,0.008738192586000317
0.06417949526139949,-0.7208064892275368,0.004902365902995495
0.06277365251075745,-0.734652065948017,5.531247018026694e-05
0.06276165953942685,-0.7240479577861209,-0.0038395787501097588
0.05913045433042351,-0.7380626525907047,-0.007650335482643812
0.059329004633595105,-0.7271884660738109,-0.011881122001668656
0.05353906458474645,-0.741298199232525,-0.01425220258462549
0.05397214410508621,-0.7303488976868543,-0.018896480991653065
0.04676037067715471,-0.7442209127051657,-0.02015478228030275
0.047377342424592184,-0.7333815025006015,-0.024917081695737035
0.03865711971351083,-0.7462430501377283,-0.024836131940660252
0.03936603757449715,-0.7355749202620796,-0.029480264560906074
0.02932392291209748,-0.7469414035880285,-0.02738699830832992
0.029843618336504247,-0.7364686741160194,-0.03168496770875304
0.019252492097554752,-0.7466433854022748,-0.02747784748518301
0.01942172624857856,-0.7363148932296261,-0.031583168314321286
0.018939342290539993,-0.7576365417448513,-0.02407795961357963
0.009170400864048326,-0.7573601464332275,-0.02270553237398916
0.009262346977597178,-0.7460798997590344,-0.02599366120548574
0.009254351663376773,-0.7693556738933951,-0.019865384203280646
0.0005860984947327885,-0.7693213551114306,-0.01637955946130756
0.00021431638342717403,-0.7571241275586856,-0.0198883861056637
0.001637482314881663,-0.7813932934754457,-0.012105163364455147
-0.006629672590308913,-0.7804945999257248,-0.007693748961658295
-0.007485171212024741,-0.7686589250894981,-0.01229738037682606
-0.01468628422099728,-0.7782538848875628,-0.0030055531241319957
-0.01511003587474499,-0.7669429425162545,-0.007298601724041939
-0.02228050017919809,-0.7747410984319023,0.0031018051013346998
-0.022009992048028643,-0.764130083725839,-0.0004932940049085461
-0.02866609113755682,-0.7715241102395239,0.011242889042463873
-0.02807044022804201,-0.7610197976818793,0.007882883418696177
-0.032590457868019174,-0.7695749864538441,0.020792503690785495
-0.03246386539284541,-0.7584015653514018,0.017209105816549705
-0.03426014598797243,-0.7675807750525236,0.030553760030838144
-0.03462659788980092,-0.7560097797175636,0.02655250968592316
-0.03446002884351568,-0.7640586699889677,0.03970066323093128
-0.0350716703814713,-0.7529841606403416,0.03529958695490233
-0.03582989268016116,-0.7418462121592446,0.03155913223713475
-0.03342063799470214,-0.7489621985179354,0.04396680164057878
-0.034236160045311215,-0.7384356532586784,0.0405267248733061
-0.03494907556340773,-0.727962964196641,0.037234846631288114
-0.030115908116415815,-0.7348214114941295,0.04920274614411336
-0.03089811635776689,-0.7248564332247945,0.04616406067605112
-0.03106468540405214,-0.7151859799900345,0.04312026092156252
-0.02429132170594225,-0.7221560324728414,0.05413729169377627
-0.024583150675034353,-0.7129609799217574,0.051409145658750245
-0.015467159909976708,-0.7195180075295176,0.06063835995174323
-0.016387953597836884,-0.7106887725964157,0.05828525715071776
-0.006269883450333906,-0.7165298330876976,0.06682576561258723
-0.007494499078616791,-0.7078306246364219,0.06432676368405954
-0.004971977441686267,-0.7251530213580671,0.06882998407581867
0.004738331680514543,-0.7223208293956715,0.07348308831933874
0.0032738566255816532,-0.7136243237329329,0.0714838146476526
0.005942959023241683,-0.7305232479021222,0.07593283822481865
0.01628623052132077,-0.7286855081436255,0.07722376476107602
0.015017640664820926,-0.7204301792849723,0.07444592424690029
0.0264922491252624,-0.7280360278824499,0.07529478510278217
0.025390228315043072,-0.7196377452145719,0.07233363076124621
0.03643175725514953,-0.7281126724691895,0.0718691485889357
0.03553095185284036,-0.7197115916144804,0.06893329837995203
0.045477122744580975,-0.729142257242894,0.06638703547752497
0.044578982447015095,-0.7208243413260773,0.0636008704654411
0.05300604363663743,-0.731138220987897,0.05908038374496309
0.051896027512197705,-0.7228670348407542,0.0562771410105942
0.059281032748263206,-0.7336227609353067,0.051611062093342604
0.0576126771806816,-0.725450578968021,0.04822600647285357
0.06390632202549149,-0.736885273820745,0.043682096269582506
0.06188350752741198,-0.7286312707726998,0.03963832047645558
0.06553603357433797,-0.7413624861289205,0.035107890033314486
0.06410087467155288,-0.7326038507253791,0.03073231597561271
0.06534281348064822,-0.7464196646429948,0.026223579035024893
0.06455527502981531,-0.7370124285117908,0.021779298765375196
0.06563864010685053,-0.7513262794884018,0.01708262280448285
0.06472051152372892,-0.7412747568577304,0.01276288177089242
0.0644913125160426,-0.7559303487598249,0.008458445872704622
0.06361182795166083,-0.7452684835418176,0.0041434911760243115
0.060337746777893934,-0.7599226081634476,0.0008784527787704585
0.05969145887830867,-0.748935212310753,-0.0033635895439153175
0.05456246480511918,-0.7631933248127917,-0.00607636066386828
0.05388286309628065,-0.752216254275927,-0.010001196849762403
0.04757189507065358,-0.7659443068665789,-0.012518201895928392
0.04686830741914911,-0.7550680268227982,-0.016097372306416013
0.0388849861688255,-0.768004785169912,-0.01739523787188905
0.03844257878189369,-0.7570946172640749,-0.020865315654840892
0.028976126743457814,-0.7689415697714873,-0.020180715634802133
0.02894148038182817,-0.757828478367018,-0.023579901535801882
0.029537131291342982,-0.7801921924233349,-0.016834109447152707
0.01938707988695365,-0.7809893702971696,-0.018158491084965186
0.018843398519880934,-0.7691764196624649,-0.021254865457037912
0.020107990719270576,-0.7931748305893205,-0.014439180126351031
0.011273168504346074,-0.7937530923636886,-0.012144117956893867
0.010145829199089155,-0.7815066481021046,-0.016430092145338845
0.01229790127708571,-0.8057316002751457,-0.006320433275068797
0.0037922194976167745,-0.8045285732106295,-0.0013056318729125246
0.002898076857161102,-0.79314577103182,-0.007138177562354759
-0.005358417629065779,-0.802716181745754,0.0030210241988614167
-0.005839469034737435,-0.7917840576375897,-0.0026092662759301757
-0.014537038355524482,-0.8002149586199958,0.006820358179088458
-0.014567687060039188,-0.7892096529277283,0.0016760712648345181
-0.022568331491175257,-0.7973628333537343,0.011209508600067973
-0.022642954423911656,-0.785630417903232,0.006988867923467503
-0.02809042851359776,-0.7946283965465251,0.01779935218211057
-0.02882466486962167,-0.7826948005283919,0.014331888795660047
-0.02992668567983626,-0.7917562177383238,0.02701630113435912
-0.03159770635216589,-0.7808636053250841,0.02375552926942361
-0.02988804166110115,-0.7881092001964594,0.03787090331568296
-0.032357261203222666,-0.7784627158709699,0.03432351782768663
-0.03016121489700442,-0.7832201502563307,0.048993484663534224
-0.03281299411385672,-0.7742191828426227,0.04458065704993079
-0.029932015889318108,-0.7770895586390106,0.059023492982139714
-0.03162169229482711,-0.7684393645637997,0.05353845762482442
-0.03274636649534073,-0.7590526098522784,0.048240107167384055
-0.0278932107627978,-0.7625117614119473,0.0612042200746354
-0.028660760928074975,-0.7537446797147593,0.056407509238182926
-0.029275067570773885,-0.7445237488007624,0.0525185579811846
-0.021991336314844543,-0.7490293728386754,0.06388509042086499
-0.022686928652128614,-0.7403727707254661,0.06012570054322894
-0.023549090035697932,-0.7313615421140153,0.05690413726347697
-0.013858769199052868,-0.7367481214804751,0.06621914490338839
-0.014545033669744887,-0.7282215008392826,0.06308274900704361
-0.013359062060201847,-0.7449271649821183,0.07007330151861463
-0.003786005832138492,-0.7411928655810928,0.07547856282776422
-0.004081832458340796,-0.7334487536170873,0.07152675020673233
-0.0036420901761522765,-0.7486995159469556,0.07998747407281744
0.006566593532532644,-0.7457315793333247,0.08435336187205578
0.006506628675870142,-0.738163014510199,0.0797082028697625
0.017612120129744557,-0.7444350642085026,0.085352635940081
0.01712573851459579,-0.736550998458957,0.08090037341749108
0.0282005812639555,-0.7439444904433351,0.08310733993994664
0.027346415194611316,-0.7361299349979762,0.07886732164739467
0.03816274278413692,-0.7438769764271522,0.07846031061922587
0.03715933084931994,-0.7362589590887899,0.07485696196043444
0.04736135179615137,-0.7447653015617341,0.0722192220071499
0.0462246846243024,-0.7372147543614095,0.06896269650122853
0.03976713583795056,-0.7510610094175624,0.08223461165741826
0.04905502585877057,-0.7514175330544239,0.0757601921679773
0.0423469572268003,-0.7582368707031105,0.08578899554978715
0.051498926905854496,-0.7581727423377943,0.07948426596838343
0.05475968255591913,-0.7659619235879999,0.08373481141362991
0.06280030355816196,-0.7674612738893312,0.07659878276626851
0.06038305355848254,-0.7588729395659765,0.07151384389484307
0.06474716257113815,-0.7766405289530905,0.08131770649977495
0.07090488707418222,-0.7797883458310699,0.07340679361301944
0.06922720364000381,-0.7709740749233422,0.0679542098345882
0.07321420033186725,-0.7848014766281458,0.06377601137656103
0.07213749801668551,-0.7763034773353701,0.05798395238376408
0.07020929473689815,-0.7677183211644383,0.05178766618428573
0.07275313721175133,-0.7818917416469551,0.04794842744968392
0.07101415636854352,-0.7732434392617776,0.04210360792546745
0.06901399526075833,-0.7644468052324228,0.03633796274354545
0.07049979115361386,-0.779051833596292,0.032526312182064344
0.06900333484179463,-0.7701824930638029,0.02690286979494421
0.06733764437895158,-0.7609816205045883,0.021733423473158882
0.06712310344733917,-0.7763039935286968,0.017841592640286157
0.06581053936261763,-0.7663985901918229,0.012849671630954648
0.06257909986469605,-0.7818000701849722,0.009625874695856827
0.06153571135877231,-0.7710322875195972,0.004926582714142338
0.0571369559844918,-0.7858832978718558,0.001725210338990308
0.055998956260275914,-0.7745559377113075,-0.0024866377649981203
0.0499664916800387,-0.788567608501175,-0.005215362916404171
0.04898306803077746,-0.7771802926637381,-0.009175670378976533
0.040396100556718634,-0.7903391161060399,-0.010129897667344906
0.03982710069461306,-0.7790501135181186,-0.014033720240759877
0.04007495543548347,-0.8018909542043412,-0.005526426051477657
0.030328667399286104,-0.8040193170767681,-0.008614795101501574
0.030134114753224705,-0.7918140679228612,-0.01313242000972485
0.02976633029902929,-0.816808783325519,-0.0029347618825914606
0.02037450119332509,-0.8183871284258294,-0.0027918735361213923
0.02086754557032735,-0.8056153944537455,-0.009310000547925629
0.01817312467762973,-0.8314335742967843,0.004954995565736218
0.009054468807833525,-0.8309240019625909,0.008097183375260466
0.011703582919942545,-0.8178929579732656,0.00046233120045099615
0.0013696392884555081,-0.8281547557222558,0.012943841342200575
0.003395118891273567,-0.8160193216797748,0.0052857141607104
-0.0061646118130828,-0.8253384814153466,0.01710397808627943
-0.005447698637876075,-0.8138814963231741,0.009413438674121428
-0.014510387308119977,-0.8237249740926086,0.020100441641872104
-0.014768902467954084,-0.8119499561250412,0.012577466551818114
-0.021687514374421835,-0.8215726436555796,0.023945584882449647
-0.022483048139479895,-0.8097652651905011,0.016241210018512368
-0.013252457870579095,-0.8321924177435454,0.03145049274004741
-0.020072460901649235,-0.8285670754447072,0.035141308323094145
-0.011570776779290502,-0.835108570741247,0.04479020074821133
-0.019279592241334468,-0.8290457508839456,0.04725289588779662
-0.01937020580251641,-0.8252403663280453,0.05832120929670014
-0.026028969996783145,-0.8138532571403043,0.057616373358973766
-0.025474628210746735,-0.8197458996935783,0.04747584313591832
-0.028151725922631904,-0.8018745788852052,0.05537330549241893
-0.028223683750625013,-0.8082253875728204,0.04502463805199886
-0.028762034908215876,-0.7975050840639574,0.041432962034340014
-0.028566149709787565,-0.7918275103250009,0.05248743404695623
-0.027144316330704722,-0.7947261552463358,0.06662259476157031
-0.028207693122184203,-0.7854185225781265,0.06351007641020374
-0.0242073709066138,-0.7878993209732906,0.07652101554717698
-0.026020974682558005,-0.7790412036195852,0.0725646782272488
-0.027185625454183123,-0.7707791972998194,0.06700172965431857
-0.02016840467230829,-0.7734797897003782,0.07926758479248089
-0.020705423277532244,-0.7653569050488703,0.07334957129921979
-0.02121445828297532,-0.7574104373761588,0.06809344049091853
-0.012427607953377974,-0.760602433818578,0.07915190507954571
-0.012668799932399624,-0.7528849321236304,0.07419414142529633
-0.012331664182718919,-0.7685496495334587,0.08527954111716067
-0.003199682789220465,-0.7642821390319086,0.0904661224161531
-0.0036807341948873872,-0.756288898207298,0.08498187607680804
0.00786982975066213,-0.7615581264769088,0.09355269220219027
0.0066865232458576465,-0.7535354071338152,0.08911302636813408
0.020182613652006978,-0.7602358100580272,0.09337650317478548
0.018386333056875228,-0.7524088861584357,0.08971475557335028
0.03201701125242346,-0.759132996636816,0.09048302385029776
0.029589100833785076,-0.7515880948539694,0.08716656234159705
0.023160868199571562,-0.7681383116824313,0.09609652060426162
0.0354723195485495,-0.7667502882964556,0.09346405813496754
0.039122180490736944,-0.7747525224687768,0.09673095396652749
0.04972663225338869,-0.7740882178114945,0.0938197916921077
0.04622734972904569,-0.7656386195292161,0.08972035208683654
0.051609528752587445,-0.7840963259778491,0.09777951034596849
0.059111798597239404,-0.7853526110181995,0.09251979594085877
0.057567370400093,-0.7749470617382558,0.08811690667123827
0.059351658023889406,-0.7968253057714944,0.0962087078716742
0.06581586957209948,-0.7981116618901222,0.09055204548046833
0.06579987894365392,-0.7868686156940053,0.08627134700533895
0.07083559435092766,-0.7998924991431482,0.08335619859206234
0.07125268324282188,-0.7895937333973984,0.07866603548341028
0.07277046039256378,-0.8027061095138184,0.07412694855883943
0.0731529029228331,-0.7937409426709787,0.06924124654894522
0.07347271549170135,-0.8067489063411295,0.06377813908272906
0.07352735013888201,-0.798682364826006,0.05880254938110597
0.07346605272984785,-0.7904014801752876,0.05353533226403425
0.07379119550819795,-0.8044200817832698,0.04847464467249256
0.07310226593276264,-0.7961560576608016,0.043295465877586474
0.07203622403654461,-0.7876564903105927,0.038055082946962165
0.07083825945566623,-0.8024029243832792,0.033453961396964965
0.06933514038199348,-0.7940665944591301,0.028594219418674478
0.06803057161149709,-0.7854827341632682,0.023418689257327825
0.06329068283042566,-0.8007541876745916,0.02034079144973222
0.0628389475769018,-0.791780392375361,0.015068598543833096
0.05607224664064067,-0.8065746319264967,0.012273361767254793
0.05673852282578168,-0.7966108689952046,0.006975975201355307
0.048483360891921706,-0.8108155974087402,0.00453210269548822
0.04932686654230693,-0.7996859820593875,-0.00028635797651600103
0.048484693444293354,-0.8215245747684341,0.009517588207614473
0.03894228592074944,-0.8259451975894828,0.00511669614465045
0.03940601414560391,-0.8139806399192941,-0.000572325539220495
0.03906754584355629,-0.8363776422017024,0.012007636489478177
0.02792474292330894,-0.8404051299994335,0.012427251069344464
0.0284511011095692,-0.82932169311868,0.00414834685679162
0.029726353727922535,-0.848518152244151,0.021995124099532734
0.019852140664179764,-0.8495050459689325,0.026913501535783448
0.017254996094512844,-0.8428543338426876,0.014973345678460136
0.011258510428272177,-0.8476123084888575,0.032328445495400704
0.008080373025164341,-0.8420888222808528,0.019145597589668478
0.0036363108702952176,-0.8438194519734828,0.0372123637415879
0.0006420656942850878,-0.8386905009090079,0.02401160167936399
-0.003788670936881783,-0.8395962740391447,0.04131713065349319
-0.0061086446135305015,-0.8350855766906021,0.028127614699330766
0.008890564866291565,-0.8440999835276568,0.048739243490370183
0.0002876067637919275,-0.838678983683604,0.05281372616396697
0.004491809492011045,-0.8366523670578788,0.061895201019752176
-0.007100063577016875,-0.8295324998705029,0.0661926186264545
-0.00952264378617814,-0.8331642763917875,0.056462626056368176
-0.0032116757605510715,-0.8276773543702816,0.07434219549863094
-0.015331239568210897,-0.814875909754495,0.079304009622823
-0.01904506302416631,-0.8196447764413989,0.06898966683895899
0.003941465363089572,-0.8288889933324252,0.08112202343280399
-0.006054009966349847,-0.8169195203834957,0.08751939296430454
0.012313891905531253,-0.8321211140565001,0.08708361571960115
0.004868921812798507,-0.8238794588699182,0.09311014230455364
0.013302645764274335,-0.829302981676274,0.09793324805660561
0.010937365307037013,-0.8218149888393255,0.1030549240044133
0.0025356226124475375,-0.8138782242700277,0.09848778331161626
0.012857573272603968,-0.8140786461812322,0.10674944342233378
0.0060029238799041845,-0.8050554026836871,0.10201135141189657
-0.0013261141566137606,-0.7952638322396992,0.0969120906845404
0.012961512357483428,-0.7987942257812868,0.10469021265918577
0.007559345048385928,-0.7897727392272621,0.10063174098904074
0.002698194001622587,-0.7811630867671051,0.09732034175070617
0.01834768903814012,-0.7860885094581312,0.10234337932864307
0.014299394937242554,-0.777992235571602,0.099474427716677
0.030240718942847453,-0.7841074141272038,0.10175329473952191
0.02682405466546126,-0.7760876468257316,0.09852628384513772
0.03260999705719971,-0.7930048825976999,0.10557524931187129
0.04292261985075936,-0.793614586553679,0.10417126028833844
0.041885894106689116,-0.7835548065154481,0.10066167887848101
0.0429079617746902,-0.804454735670648,0.1067654709146443
0.05140698079230564,-0.8066375475830045,0.10320565808990909
0.05187870433138525,-0.7953041940984301,0.10089402441950793
0.051128477346920526,-0.8171126467982699,0.10603914465261888
0.05846551069765887,-0.8193360696094377,0.10185190451199151
0.05901185716947015,-0.8084062750475628,0.09907332777474318
0.06467653729551195,-0.8209275072850303,0.09646336035073991
0.06548806168901082,-0.8095958703340048,0.09382525586222579
0.06984284283506964,-0.8218963155877456,0.08986823107686831
0.0702532689651151,-0.8105788223639142,0.08682110172158396
0.07373123065153545,-0.8228325912087189,0.08236411747282531
0.07284108566818999,-0.8121528845861479,0.07814767920717999
0.07541824195230115,-0.8249622387029458,0.0742159838900818
0.07402439217299446,-0.8152074090132522,0.06871847767397828
0.07493985565137279,-0.8285952380644531,0.06628097060271312
0.0743255490086786,-0.8199705529309085,0.05974600358551943
0.0741416567815809,-0.8122165770024394,0.053868574310697644
0.07201623575098887,-0.8253428146851777,0.05125512505869484
0.07191096411373775,-0.8180867890512538,0.04469937025690151
0.07163112811598099,-0.8105022130848484,0.03879084996219078
0.06564397031633237,-0.8235640701070207,0.03651020490386947
0.06508962853029596,-0.8165085801819483,0.030591140754614828
0.06424212522280055,-0.8089137613472406,0.02536351027781939
0.056671895207265684,-0.8232996162905466,0.02293924609853997
0.05614686957337707,-0.8155421428939766,0.017473562808478657
0.057403466458546305,-0.8299311235508969,0.02915457686869684
0.04934152461838082,-0.8374076086417643,0.022926806659784974
0.04876719454678867,-0.8305963790757735,0.0156644628676585
0.05178542566546475,-0.8432448383367483,0.031182124830999768
0.04340633636116958,-0.8497058796917676,0.02952106595264603
0.04019755025354703,-0.8442708863640446,0.02003656726930021
0.04904036778269667,-0.8540119602203243,0.03955531100458955
0.04047072348945503,-0.854451153404256,0.04295567572784058
0.03433965003381547,-0.8525831729294954,0.032510492321477784
0.031809133082664545,-0.8521699745987299,0.048243315668272765
0.025558129913699972,-0.8514424707192921,0.038343819882822046
0.022779758221673902,-0.8490538434938555,0.05342262503586272
0.01710175257192984,-0.8486048769309119,0.04402430780293642
0.027976712465751036,-0.8494699453915286,0.06146821012023886
0.018660838845154876,-0.8440434108854787,0.06532811979635182
0.013888968807197095,-0.8438166085671069,0.05777524864142324
0.024055010840027233,-0.8442294414439898,0.07227179172889638
0.014653853867735716,-0.837206032474978,0.07596472935978495
0.00889189741866321,-0.8362307017675161,0.06935404781767124
0.029409206263797574,-0.8445427213162737,0.07909087106464663
0.021008796121579743,-0.8388593413687011,0.08237908998894561
0.03391856348481105,-0.8447913445945389,0.08578834650410529
0.026582862686439605,-0.8403197537827218,0.08847794969168483
0.03101759697471668,-0.8415063928537128,0.09443678257404584
0.02501844620373746,-0.8375733306103765,0.09760094732176224
0.0193364428968832,-0.8351254248356089,0.0925269727503481
0.0373565486001199,-0.8450402271044013,0.09243651818735096
0.04004297417859712,-0.8451020040559021,0.09969535609054134
0.034117113787977923,-0.8422405279096966,0.10104752851715927
0.03588407823096661,-0.841617935904626,0.10819749502086012
0.04240958718820609,-0.8442353858705626,0.10738373071163608
0.044961424977284406,-0.8412962082542035,0.1138832155549824
0.049035037573214826,-0.847523791344437,0.10593519277560429
0.05235709063231361,-0.8446892786826006,0.11204345211919135
0.05528737329455104,-0.838382680057526,0.11144928068743316
0.05974476097312241,-0.8482430031378463,0.10879467348255904
0.0625324605317358,-0.8414298443741922,0.10671468734668212
0.06363181623721657,-0.8318776762621962,0.10068921609073818
0.06936845419125148,-0.8438324562364505,0.10088799471298325
0.06969759462671178,-0.8332710050840214,0.09470930144381631
0.07458273161614107,-0.845737949142609,0.09380740433279107
0.07440150449378193,-0.8343062145393421,0.08790397511232143
0.07657223230496259,-0.8476427150253762,0.08585131112144084
0.07628706609772397,-0.8361444755202819,0.08043125542490953
0.07571406857850346,-0.8500445187613843,0.07840420815892288
0.07559413886517846,-0.8389764998982845,0.07327558235790273
0.07308627530432184,-0.8522456630822935,0.07211805188822075
0.07313691229439229,-0.8423627012901445,0.0669130375468006
0.07301964768580585,-0.858094044831715,0.08053333718995145
0.07018264368948891,-0.8596001378439101,0.07262178779534342
0.06563464244974032,-0.8593426401113393,0.06279672205283333
0.06339462191530512,-0.8607384497879995,0.07231195358809774
0.05905716395005875,-0.860621390900451,0.06188130654237594
0.05439456320646228,-0.8581690602119182,0.050299032970397395
0.05083798093020007,-0.857263435774171,0.06363197236615975
0.04602346921639224,-0.8562076984715082,0.05330566069785252
0.04210976290489358,-0.8535012714877374,0.06622669537133365
0.03720063997279834,-0.85312922325157,0.05740578571496414
0.04617004997712175,-0.8532323261663476,0.07454585330655565
0.037746986444609616,-0.8490559793444844,0.07658671429661988
0.033180329471676935,-0.8492832277968586,0.06910152643975981
0.048868468526929575,-0.8527054747689303,0.08198815620255867
0.04127158746399021,-0.8488213649070768,0.08369874360325351
0.05056081003718186,-0.8520384944294883,0.08896332254579181
0.043883390109731024,-0.8485598181955959,0.0906107456857109
0.05223716091898861,-0.8514732364156284,0.09610692764888659
0.04621935441482529,-0.848262533969581,0.09798362935890707
0.057057002842273545,-0.8564338503426913,0.0810043336258136
0.05776858580800316,-0.8553677277132986,0.08811332356054018
0.0663835368818334,-0.8578456186506419,0.08849813918171506
0.06587583442875725,-0.8595124942087754,0.08092724070838385
0.05477833828910323,-0.8571953651514199,0.07303023623835105
0.06131850532241662,-0.8558119728297154,0.05101555598778469
0.0739844156018877,-0.8559919518239778,0.08850971401813969
0.07193361750403206,-0.8541635200591206,0.09664743820993285
0.06663139162270382,-0.8515638820581298,0.10370439031971722
0.05002778908907285,-0.8267721298584207,0.11015560621301396
0.04775045708826944,-0.835271756230958,0.11462443096694855
0.05722890209804065,-0.8295123166111669,0.10602038825723079
0.042304315550954985,-0.82486946967447,0.11314921687637235
0.03997501400770948,-0.8333578321753357,0.11621212022385906
0.032388793363733806,-0.8321188752420247,0.11716239180483427
0.030559198959344062,-0.8367453609354769,0.1141591163245323
0.037520452541661864,-0.8389118452912172,0.11446500551183122
0.02548483953333522,-0.8293254793442554,0.11621090729224394
0.024233572857643094,-0.8333410075271309,0.11231559477445786
0.017770693861809406,-0.8283409459500495,0.10805572781897754
0.01909924857497175,-0.8228637050912495,0.11192869659675302
0.03475007616386093,-0.8243831852977183,0.11566388628864192
0.035176492922347195,-0.8142559308045277,0.11231519117393546
0.04307852847808565,-0.8149381593838133,0.10953637041918782
0.0554659353121669,-0.8510090925274527,0.10378809042265931
0.056706541568890594,-0.8495520922251241,0.04026877334837772
0.0592050772631599,-0.8362618968861903,0.03630245854925989
0.06252313266514375,-0.8431835653432721,0.04486330696096582
0.0663075813967301,-0.8303883771041106,0.04331288053280524
0.06775873092796074,-0.8376510454507663,0.05139313124394443
0.07240800614785022,-0.8330046296387058,0.05869384273031015
0.034033162988654206,-0.8033058793061868,0.10908076871887513
0.02217211434082848,-0.7946659372290429,0.10595443756208667
0.025391560867414717,-0.8044696072000695,0.11001968697439538
-0.010687294557798524,-0.7770494090249241,0.08972304772602421
-0.0071413727004952755,-0.7857281123484021,0.09257374053011404
-0.0009716552261206004,-0.7727570484530056,0.09456702767430067
0.010589569138392612,-0.7698129045304082,0.09694217981261488
0.01790794675594686,-0.8082276081408448,0.10923057549852444
0.019957412301430867,-0.8333637005882688,0.10267722957193016
-0.01852536759975954,-0.782122249431062,0.08368918799392358
-0.025699829561322843,-0.8065640683344752,0.0687729751219736
0.06712177089496751,-0.7500942983862848,0.04002301422869913
0.06855959490249591,-0.7588519442796684,0.045600561935681405
0.06707113390489707,-0.7555384512282621,0.031038129931369843
-0.028189037389000103,-0.8022979797442129,0.03136393861647367
-0.02664727429658752,-0.8064723621940232,0.022600247665917495
0.06557467759307782,-0.7450370331077604,0.04841693872033116
0.0609507208682212,-0.7414431706412565,0.05549797990754054
0.054253312655214624,-0.7390743665999479,0.06199113569224714
-0.03520092796138835,-0.6850395198213489,-0.009397616001848847
-0.03450133796699408,-0.6948900082370004,-0.00714041898644852
-0.038285786698575686,-0.6834724153106034,0.0020076132132427855
-0.029874716137398897,-0.6863761056540847,-0.020299012919689042
-0.022808190917825263,-0.6874863045913457,-0.02920141139036613
0.02475859849153171,-0.584252708118023,0.03834217408357439
0.019312456954217253,-0.5537810695446589,0.03373117243963115
0.01331064107849474,-0.5224328985029194,0.02804950549079173
-0.002652003765037549,-0.49480647936057454,0.0287264461880994
0.006929047777246208,-0.49328232760668195,0.02486597027973728
-0.004229745771441949,-0.48504383011957697,0.027250597500163853
0.004854263736724609,-0.483526101477954,0.023182274320411894
-0.015264611949694903,-0.4759938143602597,0.027350929261312138
-0.014413110985089277,-0.48644979328066384,0.028498613243943205
-0.00559960960808743,-0.4747005350655202,0.026214109367548852
0.0031579245693668526,-0.47338044748587055,0.021812350086096128
-0.014529043041304078,-0.517787275459922,0.036720103916826875
-0.024047464622182043,-0.4880768428540416,0.0267281860176072
-0.020837345962187854,-0.3899187885038327,0.01194425056359243
-0.05754116844905897,-0.3280052045636295,0.005800714357728076
-0.055057290830868286,-0.3399897103989508,0.007949200338767271
-0.046858096096560616,-0.32738965144281773,0.009837832506938309
-0.0647569395341054,-0.3293765424347471,-0.003600025130442166
-0.06304993994777922,-0.34032583187840004,-0.0012344428367803521
-0.06977533176056194,-0.34129183611968905,-0.012872034720776776
-0.06857470207494501,-0.351718019895269,-0.010872994662066968
-0.06053008341558725,-0.3513998012491331,-0.0007857743610030635
-0.07599701877737872,-0.3535353378921554,-0.02120552137837061
-0.07464714322628897,-0.36463985986256253,-0.01896438455006548
-0.0677765032051484,-0.362644343952328,-0.009208465352083625
-0.0794843083303911,-0.36732555560773444,-0.029209726080259537
-0.07721230653906956,-0.3787014480571189,-0.027638778105365337
-0.07287618112619483,-0.37607361177261145,-0.017499738022141925
-0.07888465976376609,-0.38104904047009597,-0.038714756362043606
-0.07702574920723329,-0.39216799908592254,-0.037191799283508166
-0.07488700265293899,-0.3899823705873823,-0.026506745257445164
-0.07500293470915378,-0.40321467992510596,-0.03535473552417801
-0.07262965893769133,-0.4011982398561792,-0.024913984956502117
-0.07943367134032066,-0.39439175961212086,-0.047779375149590186
-0.07893529675383655,-0.4051775437642728,-0.04472971115599779
-0.0786941047748149,-0.38336000585651375,-0.05042789603530455
-0.07595837475863887,-0.37357850779409313,-0.06453928005180683
-0.07492431411930718,-0.38415937895286395,-0.06230755935319884
-0.07955626615838422,-0.37196283221212445,-0.05251332822813887
-0.08150845538083752,-0.3614197640697367,-0.05585221649021144
-0.0809034766047354,-0.3698570083363101,-0.0405325957943774
-0.08280902649422844,-0.3590015750994525,-0.0435146648819332
-0.08461196985120896,-0.3484438323817422,-0.047357342059026135
-0.08130990507766593,-0.35622734330477823,-0.03189057809377369
-0.08284367285585335,-0.3456235110763354,-0.03533106122409058
-0.08410293484576589,-0.3350853920424094,-0.03910434154182014
-0.07753211910793781,-0.343091771091125,-0.02395355761795781
-0.07877139281229459,-0.33296158529217496,-0.027251630455021946
-0.08665743773958277,-0.33995116414343235,-0.06354076003710092
-0.08412692078843184,-0.3509982130591936,-0.05974614785295648
-0.08635494835153171,-0.3375882816660598,-0.051330844431529354
-0.08192154661562155,-0.3531549507862024,-0.07228629232101051
-0.07872342092696269,-0.36361434656776875,-0.06824024890626955
-0.0678471284807746,-0.3841833110601602,-0.07370224634133525
-0.05932812117759866,-0.385737791919082,-0.08372033573797841
-0.047528369938807095,-0.3856378672998197,-0.09005990037112181
-0.061304296342717925,-0.37486349408087466,-0.08514206361842272
-0.06980997812218685,-0.37463608554628713,-0.07610576420447557
-0.07330526298941965,-0.3648760122023212,-0.07984563711979092
-0.07092132679899824,-0.33126847292023587,-0.015704478695503777
-0.04695137476248112,-0.3846200814328225,0.005685289762667191
-0.07064682101072331,-0.4124736848362733,-0.022486722101474545
-0.003276970826695421,-0.41357313906744314,-0.07369829962715375
-0.014227886205619926,-0.41426349922453537,-0.07853056921366068
-0.024825675206422915,-0.41428927525280634,-0.08343296162116676
-0.07993737613628188,-0.3033624445638141,-0.09718732758547795
-0.08052103407446609,-0.3162853986694423,-0.09357874008525663
-0.08669208410121242,-0.30342456963486714,-0.08644648037943382
-0.0882285169841384,-0.30277625333467856,-0.0738970722918098
-0.059842486392528316,-0.32721460619002096,-0.10361416714470549
-0.05968791031757367,-0.3399124450712085,-0.10154321738593984
-0.07039097095562777,-0.32814056739560615,-0.09749812894270982
-0.0494125989903775,-0.33951696818657934,-0.10717540832769917
-0.04764163689028334,-0.3514293417491199,-0.10372671251671982
-0.03624831412442702,-0.3053246574566021,-0.11556248975096683
-0.02780259720162059,-0.08093872908262853,-0.011714377256986337
-0.050827769607611574,-0.08882086237280225,-0.05023353513824273
-0.04964046544569689,-0.05871996512027055,-0.047802616001128284
-0.03711314061273489,0.027961607125943352,-0.0020861291498409547
-0.03567664915757816,0.06087548708814262,0.0036254473171091644
-0.0057888320446669835,0.06727758514560712,-0.07334019074287836
-0.035725953595276964,0.09323713558317617,0.006951960478048357
-0.03508233080043499,0.12449703447676051,0.008305398847475437
-0.009180177827015587,0.19762980242201586,0.02350262819652608
0.015629282202776547,0.2437051413848904,0.01723715115490059
0.007949782892875642,0.28349532731683014,0.013110182332201238
0.009234363377821029,0.27464049236069016,0.014396030531984872
0.018796759186920687,0.28209937496873766,0.011193289816018276
-0.004481598169422561,0.2855661201087327,0.013105957274879194
-0.002734622011994352,0.2764415121007547,0.014025434362180565
-0.01425720235776772,0.27691746465133726,0.012800964462781204
-0.012527549381147233,0.26828953583270276,0.013396680526762208
-0.0016232733351829764,0.2677765024762856,0.016185783498030435
-0.02278553752753096,0.2672733847475733,0.009962658086261844
-0.02256033617695485,0.2599699532049894,0.013077964363035075
-0.012758080941205186,0.260640807157122,0.01698819752395795
-0.03218669449982721,0.27646010926267195,0.0038764774496758345
-0.03156972275238974,0.26595932000474876,0.004104923193566329
-0.024436569914304845,0.27640342260657336,0.010075894811356735
-0.02576512462746719,0.2871098888230663,0.010442026792354786
-0.016186738189926723,0.28680268493534067,0.012840936873323685
-0.017501967379386817,0.297361022689178,0.013166537996617428
-0.005458359056835036,0.29491899509612135,0.012768946000485903
0.007111607451972269,0.29214772383382015,0.012859473455235242
-0.024629790007994604,0.2522808580708395,0.018876430827999734
-0.03784870952112572,0.2657822381402361,-0.004737085495060235
-0.042191497695853945,0.2534666798191736,-0.014102935652081167
0.013956928978080003,0.3255819565098839,-0.061647117246707225
0.03773099581616881,0.479205638225654,-0.0006448835393116195
0.03181712839688495,0.5041211754650126,-0.01525693238482391
0.02862166781296465,0.5290306476169853,-0.01429519452621498
0.06935379611517759,0.6242920244502687,0.06095658740828076
0.030254044466549706,0.4163552006163924,-0.03050115165706511
0.028804227487690712,0.40541035441594536,-0.03413349384804103
0.0554366191600191,0.658007306351786,0.07817336413397864
0.06407022596703818,0.6512955532174614,0.07368857338639315
0.04952141918836833,0.6663608323957104,0.08266684611137688
0.030989613374945265,0.7065282008040072,0.09603987886795734
0.03890497445438124,0.7183917755569391,0.08863237181857345
0.04372748148240947,0.729860714106456,0.08042739723229099
0.04772380604086494,0.7318918678891896,0.07111004334422802
0.045816923599000234,0.7420457124814082,0.07256512611837072
0.04918561599105927,0.7349445230628882,0.061428857016015095
0.04683232850515255,0.744184340445761,0.06290606902545814
0.04554108525835368,0.7538228207206931,0.0636655944126189
0.04464427751315945,0.7455259910284637,0.05246765069341503
0.043289071752587865,0.7547352902771274,0.053209444086818596
0.04285332712750481,0.7645802459412829,0.05344818125018303
0.03888232106408694,0.764890148230712,0.0434522709115028
-0.012325001420865426,0.7022431048743212,0.08877591216989839
-0.015391204424873397,0.6724896653785528,0.035590875071000956
-0.011684043730766746,0.6654127737374855,0.035665396265227446
-0.020721413905973055,0.6706508149498952,0.04270581091352727
-0.024998907014556926,0.6777659234725695,0.03976206387138129
-0.024611134274810504,0.6714728399917568,0.04951625584837731
-0.02886330888835678,0.6782136026511946,0.044311771859158085
-0.01966336732397542,0.679467442084281,0.034660031990391166
-0.01370286057173131,0.6820717558097945,0.028920282226063618
-0.008612510517276926,0.6764748970812747,0.027387936686772852
0.004104036752259887,0.6745958597406359,0.018749431954555865
-0.0041977645145555974,0.669923301095214,0.026752100867792793
0.006851759739771253,0.667071551194706,0.021674009375115266
-0.001864465314204627,0.6624552736910866,0.027201798414948127
0.016415488101237823,0.6712257048761803,0.018987025892793823
0.0175681459015276,0.6614902721936377,0.019556583343491696
0.007583330991051875,0.6578511182210458,0.02160255762815429
0.02335009063615112,0.6833671535443819,0.014500385565912903
0.026905340360046416,0.6768624733117408,0.018478995714497102
0.013265334297906136,0.6783092947142222,0.01486411942250799
0.016732635565362784,0.6509592180885959,0.017577118417403
0.025205003535578453,0.6422662868928998,0.013413233394477453
0.016234260978878673,0.37935963639796755,-0.053450724116786516
0.023270137493937606,0.33192143876541386,-0.05395953411991325
0.041620716185001516,0.34061531969703984,-0.03846347209815486
0.02056505618227629,0.33661861314948915,0.02407510055365809
0.03048324347423602,0.34689393871059154,0.021009464482088475
0.035849431869336965,0.36029248535823644,0.01661482476501615
0.03846389961982108,0.3633178245411803,0.008074462655756336
0.0389076395591198,0.3671358656599656,-0.0015134702868836757
-0.011063074326214341,0.3541377840674449,0.022021443234887784
-0.012691453322693927,0.2676291771970233,-0.07037990550417174
-0.001985727579896541,0.25780578269533183,-0.07234710034656817
0.037404520485451793,0.42267249871493573,0.006421818657562831
0.036663621367574395,0.4188282810095187,-0.0006272570719999976
0.03765104267395056,0.4167223334973683,-0.00781606429730506
0.034358305766999574,0.9880440536113745,0.0873491710988787
0.024558715635993194,0.9841279199752,0.1003303450265657
-0.022745560956424205,0.7154456471687091,0.05318548826487231
-0.021398350510073025,0.7162645801169425,0.04268052462102534
0.03419706693019617,0.7117119802447986,0.025090540800467184
0.0317145218643724,0.36231750194720524,-0.04278450482971624
-0.03771811938884176,-0.3399526052329094,-0.11044857681500544
-0.04357068939909147,-0.44940305164617766,-0.07289026601864089
-0.04953919146555599,-0.45585077643861915,-0.06365496356915781
-0.051963104227088906,-0.44865241593068633,-0.06597150749571191
0.06759882464352424,0.6548116486145019,0.03911386058673324
0.05162818448577155,0.6914700230769703,0.04405950943320725
-0.027085684026409134,0.695439705270695,0.039995617677553524
0.02852039383282375,0.7188602145748415,0.023124726547264954
-0.018899814815808446,0.7692399282136224,0.04806541421075471
-0.004292375732847742,0.7644387780248795,0.05644854191358151
-0.027137653568851228,-0.4559572427074589,-0.08010232503842243
-0.006668316609048758,-0.464933936757485,-0.07969000255999494
0.026303026688682844,0.7281907851704393,0.021840374714744794
-0.03965032032573932,-0.45328020379654294,-0.07733266012002342
-0.03521958369457245,-0.45608092689695845,-0.07802819457772456
-0.03113930833678854,-0.4527803513375309,-0.0795873329016387
-0.028046454285380797,-0.453166601614296,-0.0813243069369128
-0.031348519058923836,-0.4500315819869519,-0.08040932340812051
0.02046644730687394,0.7422447752547433,0.02045256618956365
0.012006072307998342,0.7469941367285287,0.021734846718828138
