-0.040526,-0.051854,0.575666
0.027663,-0.008350,-0.903376
-0.003078,0.046766,-0.161429
0.005241,-0.038289,0.999253
0.023234,0.002680,0.210049
0.055929,0.036604,-0.531371
0.009897,-0.001257,0.781955
-0.009573,-0.025317,-0.350358
-0.020701,-0.038756,0.017754
-0.000977,0.022245,0.401072
0.063355,0.047295,-0.723485
-0.025334,0.017251,-0.632430
0.000592,0.082880,-0.824653
-0.017882,-0.063035,0.883790
-0.011405,0.058919,-0.435181
-0.023601,-0.047945,0.307038
0.056904,0.014112,-0.260543
-0.034631,0.031138,0.112480
-0.052789,-0.022828,-0.239366
0.013605,-0.003788,0.665754
0.033205,0.018483,-0.058641
0.005125,-0.055775,0.476540
0.018066,-0.011711,-0.791076
-0.001452,0.065086,-0.319055
0.021329,-0.024983,-0.466939
0.064772,0.030286,-0.624207
-0.030391,-0.058174,0.723032
-0.007500,-0.033215,-0.118557
-0.031413,0.027133,-0.515704
0.019940,0.036857,0.040216
0.011595,0.006203,0.538504
-0.014556,-0.061295,0.390534
0.050977,0.024545,-0.382747
-0.044372,0.010844,0.473448
-0.009481,-0.040132,0.146258
0.029258,-0.017868,-0.682763
0.065451,0.030967,-0.841447
-0.042416,0.024091,-0.029823
0.010420,0.023401,0.291608
0.016936,-0.019464,-0.574656
0.023388,-0.024285,-0.191915
-0.020681,0.000064,0.931713
-0.023405,0.054846,-0.243740
-0.012026,0.059161,-0.899789
0.004796,0.070206,-0.580332
-0.036948,-0.037933,0.227448
0.014727,-0.043827,-0.279541
-0.013023,-0.066348,0.807802
0.002577,0.000324,0.854738
0.017980,-0.024568,0.078673
-0.030362,-0.056067,0.645646
-0.033445,0.034529,-0.099285
-0.046985,0.014728,-0.302166
-0.031488,-0.005476,-0.418274
0.022727,-0.029797,0.596551
0.052273,0.034945,-0.451770
-0.039349,-0.063017,0.952412
-0.036759,0.019486,0.181846
-0.012462,-0.033278,-0.050067
-0.046753,-0.010928,0.358422
-0.018294,0.015232,-0.849180
-0.049304,0.012607,0.049861
0.023206,-0.016902,0.352834
-0.039446,0.042204,-0.368520
0.015062,0.067074,-0.644654
-0.030502,0.002595,0.615381
0.021114,0.019526,0.143875
0.016350,0.052281,-0.767039
-0.021770,0.004181,0.724563
0.036938,0.009862,-0.128796
-0.050905,0.017583,-0.191661
-0.046502,-0.032771,0.517340
0.048689,0.000589,-0.326328
0.016060,-0.034230,0.258378
0.020209,0.000811,0.458827
-0.051187,-0.018548,0.418704
0.045854,0.071063,-0.886783
0.025283,-0.026603,-0.406586
0.005453,-0.060126,0.536872
-0.027396,0.020161,0.241540
0.028623,0.037983,-0.211990
0.009368,0.066315,-0.490945
0.026911,-0.012723,-0.007271
0.021586,-0.033762,0.732531
0.017812,-0.043235,0.926714
-0.038813,-0.026742,0.098157
0.043186,-0.009981,-0.738349
-0.026730,0.019122,-0.575912
0.012079,0.064037,-0.372808
0.064514,0.030520,-0.786606
-0.044083,-0.012087,0.674788
-0.036596,-0.025920,0.769231
-0.039461,0.005423,0.301934
0.040259,-0.012854,-0.515407
0.006516,-0.056161,0.683163
0.021296,-0.028462,0.409574
0.038810,-0.014893,-0.624847
0.057805,0.051148,-0.671816
-0.022731,-0.028947,-0.168333
0.016030,0.030399,0.093432
-0.031370,0.006813,-0.468022
0.000756,0.040455,-0.008964
-0.040354,-0.002236,0.557083
0.032267,-0.005573,-0.850710
0.018457,-0.045245,0.842975
-0.032941,-0.032557,-0.285948
-0.009552,0.018711,0.343256
0.057196,0.011018,-0.573502
0.018434,0.054110,-0.269659
-0.041783,-0.043487,0.468882
0.015231,0.041650,-0.098471
-0.039219,0.007805,-0.139919
-0.008634,0.031016,-0.803192
-0.038104,-0.023892,0.981552
0.030209,-0.024693,0.506174
0.047488,0.072331,-0.824445
-0.010607,-0.012010,-0.536483
-0.045993,-0.005344,0.140772
-0.001128,-0.040216,-0.234881
-0.000196,-0.042415,0.197666
-0.022158,-0.019320,0.813725
0.025320,-0.018542,-0.088795
-0.007251,0.042875,-0.057753
-0.056371,0.020888,-0.257493
-0.040679,-0.004344,-0.071896
0.027665,0.025522,-0.704497
0.043366,0.044834,-0.342338
0.021200,-0.029929,0.309142
-0.017974,0.050321,0.061345
0.000626,-0.062790,0.760301
0.000472,-0.055720,0.347709
-0.042556,-0.032009,0.908471
0.005472,0.011391,-0.751019
0.032791,0.055661,-0.411640
0.003048,0.021633,-0.666533
0.021230,-0.027324,0.885527
-0.006477,0.064522,-0.532089
0.008106,-0.014219,0.961579
0.012140,-0.047697,0.635014
0.009679,0.089251,-0.870461
0.001008,-0.071810,0.971749
0.054555,0.023480,-0.891733
-0.039283,-0.024133,0.178957
0.048272,0.052175,-0.582324
-0.040106,-0.015721,-0.012969
-0.031056,0.037822,0.020301
-0.010916,0.014180,0.502872
-0.013900,0.023889,0.441917
0.034636,-0.016666,-0.232831
0.039929,-0.013805,-0.367465
-0.013566,0.044751,-0.203551
0.024688,-0.033971,-0.319764
-0.014725,-0.057817,0.439176
-0.033276,-0.029834,0.270185
-0.009878,0.009660,-0.890128
-0.020252,0.056899,-0.619576
0.065067,0.013177,-0.689995
-0.021424,-0.039940,0.059673
0.038204,0.021306,-0.169101
-0.021836,0.003179,0.889934
0.029405,-0.003835,0.042363
0.019586,-0.042817,0.791787
-0.000566,0.007269,0.586613
0.021628,-0.024742,-0.150192
0.016609,0.017167,0.250826
-0.042219,0.004896,-0.350072
-0.024664,0.049232,-0.474034
0.046276,-0.002371,-0.433016
-0.002810,-0.014646,-0.647227
-0.000813,-0.062138,0.585469
-0.024369,0.054301,-0.285171
-0.039271,0.049688,-0.325997
0.021990,-0.013117,0.169269
-0.027548,-0.053425,0.844747
0.021016,-0.017834,0.119168
0.054695,0.017216,-0.491920
0.047476,0.038590,-0.302371
0.004922,0.025318,0.182289
0.051438,-0.016549,-0.285954
-0.004954,-0.020010,-0.496818
-0.022387,0.054346,-0.854059
-0.010889,-0.073116,0.921431
0.014176,-0.003032,0.626282
-0.037900,-0.049779,0.684319
-0.034647,0.040130,-0.407527
-0.005780,-0.012369,-0.605588
0.024083,-0.019760,-0.048690
0.022717,0.082150,-0.793114
0.013762,-0.005955,0.704192
0.024971,-0.027092,0.558343
-0.046008,-0.024129,0.715181
-0.025898,0.045059,-0.658329
-0.022152,-0.059779,0.506359
0.011459,-0.007636,-0.714669
0.052754,0.002612,-0.819921
-0.046111,-0.040884,0.388059
-0.047303,-0.030017,0.606921
-0.030688,-0.029867,-0.209747
0.029745,0.061255,-0.542230
0.054592,-0.002819,-0.656639
-0.029743,-0.062376,0.990966
-0.012379,-0.026421,-0.387560
0.020914,0.005252,0.322966
-0.029990,0.013370,0.380556
-0.043938,0.000339,0.211964
0.050644,0.062680,-0.761815
-0.046974,-0.021935,0.039553
0.027798,-0.008418,0.280728
0.044150,0.051652,-0.492418
0.021103,0.035046,-0.898283
-0.021320,0.031614,0.151798
-0.031650,-0.019205,-0.319106
-0.021327,0.007156,0.655396
0.063579,0.017571,-0.747596
0.042626,0.059919,-0.623574
0.027650,0.060403,-0.452734
0.000387,-0.026790,-0.438437
-0.040348,0.011205,-0.387910
-0.050370,0.012282,0.087154
0.030342,0.016189,0.012446
-0.020742,0.053708,-0.562985
0.016522,-0.038437,0.448397
0.015969,0.011423,0.371867
0.014585,-0.009653,0.823610
-0.018270,0.004981,0.762479
-0.055109,0.036022,-0.226209
-0.034818,-0.047300,0.355832
-0.023574,-0.025326,0.864420
-0.001725,0.035774,0.122464
-0.014043,0.043681,-0.129114
0.030033,0.049641,-0.730863
0.009708,-0.030570,0.030971
-0.037262,0.002879,0.521411
-0.027533,-0.061280,0.545335
-0.005867,0.001594,-0.820542
-0.039299,0.021770,-0.436915
-0.049460,0.011104,0.010489
-0.010903,0.026999,0.212877
-0.038892,-0.025592,0.327100
-0.033752,-0.013686,-0.110496
-0.041460,-0.023797,0.943062
-0.006953,-0.049071,0.277297
-0.004514,-0.035281,-0.010825
0.012271,-0.058512,0.896383
0.028571,0.027013,-0.027116
0.019294,0.002400,0.420974
0.041097,-0.011588,-0.553823
0.007215,-0.000165,0.742457
-0.005862,-0.039354,-0.304290
-0.056790,-0.016034,0.460137
0.037324,0.086100,-0.853817
0.056597,0.060734,-0.795303
0.046259,0.013349,-0.229241
-0.019528,0.062737,-0.353353
-0.010042,-0.038560,0.107083
0.006692,-0.010767,-0.869817
-0.030888,-0.057794,0.606005
-0.029716,-0.055625,0.782526
-0.010791,-0.008163,0.987551
0.045984,-0.002570,-0.778630
-0.011310,0.008252,0.685510
0.012834,-0.048859,0.380494
-0.020801,-0.028960,-0.080285
0.057668,0.059148,-0.853517
-0.038423,0.033180,-0.158640
-0.019385,0.024897,0.271674
0.008129,-0.040382,0.228496
0.043479,-0.010570,-0.594060
0.024848,0.036650,-0.139799
0.039664,0.002071,-0.200738
-0.039321,0.008498,0.429155
0.028649,0.038195,-0.673461
0.028857,0.004571,0.080340
-0.039863,-0.062001,0.918762
0.013918,0.071230,-0.610039
-0.043976,-0.021229,0.645092
0.018822,0.003234,0.498901
0.003798,0.063641,-0.404336
0.007860,-0.011471,0.928699
-0.001761,-0.062917,0.712468
-0.054750,-0.012735,-0.268475
-0.016656,0.023235,0.313780
0.051356,0.012987,-0.354379
0.035232,0.009459,-0.098271
-0.041078,0.025293,-0.060321
0.027442,-0.017903,-0.119234
-0.035044,-0.052552,0.752688
0.015866,-0.051523,0.506084
0.053555,0.025267,-0.422592
0.022145,-0.024423,0.761471
-0.026211,-0.041422,-0.257655
0.048356,-0.001439,-0.463147
-0.039423,-0.001598,0.261619
0.022380,-0.033106,0.693933
-0.028441,0.019214,-0.545979
-0.042837,-0.005317,-0.042042
-0.005387,0.019613,0.473969
-0.040884,-0.044021,0.430469
0.018298,0.042695,-0.181857
0.044910,-0.003937,-0.395186
-0.002632,-0.037036,-0.202723
-0.004722,-0.069336,0.855396
-0.045349,-0.019760,0.069141
0.033218,0.039914,-0.241263
-0.027042,0.027644,-0.604268
-0.012485,0.041441,0.095537
0.028344,0.056120,-0.319551
0.030651,-0.036938,-0.253908
0.022031,-0.030668,0.476328
-0.049698,-0.011574,0.387713
0.017663,-0.031524,-0.359650
-0.000078,0.061713,-0.462425
-0.030012,0.003093,0.586011
-0.059802,0.007153,-0.227241
-0.002823,0.059497,-0.807411
-0.050218,-0.019591,0.491538
0.017882,-0.041226,0.955842
-0.021683,0.051920,-0.503734
0.022044,-0.014088,-0.758027
-0.037822,-0.030197,0.127091
0.018703,0.068309,-0.896971
-0.023288,0.000326,-0.506724
0.022315,-0.031506,0.664376
0.005560,-0.053302,0.409961
0.026338,-0.009362,-0.821549
-0.010644,-0.011724,-0.565508
-0.020701,0.031482,-0.874524
0.057856,-0.000489,-0.715334
-0.009436,0.009323,0.558022
0.034991,-0.008131,-0.171009
0.007488,-0.003813,0.894787
-0.034104,0.009035,0.331559
0.056596,0.010388,-0.542786
0.039224,-0.001358,-0.878113
0.037143,0.050333,-0.371842
0.024444,-0.007723,0.239189
-0.051740,-0.027035,0.567139
0.014941,-0.020557,-0.545869
-0.018666,-0.047075,0.247249
0.057968,0.012187,-0.603334
-0.012466,-0.014377,-0.467782
0.022395,-0.017840,0.381197
-0.018975,0.041488,-0.029113
-0.004004,0.009106,-0.786034
-0.048530,0.023250,-0.329290
0.014871,0.006673,-0.687906
0.007906,-0.030471,-0.069333
-0.038004,-0.007608,0.746948
-0.002716,-0.061090,0.654705
-0.000061,0.042260,0.018978
-0.016052,0.060609,-0.384871
-0.046337,0.043255,-0.272010
-0.036925,-0.022066,0.298116
0.058315,0.013720,-0.862094
-0.011624,-0.063128,0.625367
-0.020457,0.055200,-0.591846
0.027835,-0.023461,-0.436063
0.064789,0.022888,-0.655939
0.002061,-0.050385,0.316756
0.064584,0.048911,-0.818809
-0.018253,-0.042621,0.176961
0.005600,-0.033541,-0.170515
0.018912,-0.024767,0.208847
0.014855,-0.027790,0.147402
-0.025007,-0.026039,-0.138187
0.059227,0.050844,-0.644603
0.026516,0.013182,0.111701
0.028795,0.062280,-0.512193
-0.034471,0.025499,-0.487522
-0.037360,-0.009096,-0.193530
-0.026026,-0.012040,-0.367434
0.013223,-0.022191,-0.516857
0.062730,0.042996,-0.874706
-0.019771,-0.000960,0.793933
0.012011,-0.019418,-0.624612
0.000536,0.049783,-0.659964
0.005746,-0.061558,0.943138
0.022021,-0.009531,0.578420
0.038937,-0.016060,-0.485037
0.056727,0.037368,-0.561690
0.008588,-0.057892,0.820790
-0.012845,0.076000,-0.870875
0.010326,0.048642,-0.232238
-0.038561,0.033942,0.078635
0.011905,0.047930,0.062384
-0.027344,0.045405,-0.533783
-0.049249,-0.015558,0.536441
-0.022454,-0.004225,0.957122
-0.017736,-0.004697,0.834531
-0.045629,-0.042926,0.545614
-0.052038,0.000797,0.110120
-0.019267,-0.030784,0.997739
0.026201,-0.021518,-0.657678
-0.046875,-0.009738,-0.292459
-0.037274,0.034826,0.050215
0.026673,-0.036561,0.528125
0.015769,0.035843,-0.747987
-0.010041,0.066648,-0.643645
-0.014162,0.057679,-0.830573
0.056201,0.005988,-0.295844
-0.032783,0.039448,-0.182192
0.001999,0.032520,-0.780275
0.009606,-0.008285,-0.839632
-0.005473,0.004165,0.813281
0.040129,0.042584,-0.270135
-0.007356,0.056449,-0.262174
0.051539,-0.007108,-0.692179
-0.018151,0.028538,-0.825597
0.001851,-0.063939,0.788640
0.017970,-0.018445,0.854017
-0.011943,-0.041921,-0.278184
0.018994,-0.032079,-0.222638
-0.023741,-0.057257,0.477061
-0.024300,-0.047499,0.817750
0.015222,0.019678,-0.730113
-0.034183,-0.007787,-0.168261
-0.029790,-0.034303,0.885858
-0.052830,0.010856,-0.279034
-0.038645,0.029137,-0.128919
0.068219,0.021121,-0.714635
0.045073,-0.017561,-0.262876
-0.012786,0.031535,-0.899368
0.056104,0.025956,-0.282710
0.009151,0.058810,-0.298619
-0.005661,-0.034641,-0.149084
-0.037518,-0.000793,0.907387
0.063014,0.021103,-0.808358
0.043170,0.040546,-0.694604
0.037303,-0.036764,-0.277535
-0.004543,0.080572,-0.892880
-0.028331,-0.013246,-0.342357
0.015245,-0.046900,0.566945
0.018784,0.063740,-0.339818
0.041848,-0.022082,-0.308660
0.000665,-0.036766,0.068192
0.040505,0.048291,-0.895924
-0.026125,-0.038046,-0.231405
0.029349,0.019908,0.062423
-0.050677,-0.011272,0.017776
0.032117,-0.002680,-0.027901
-0.045484,-0.032679,0.737086
0.037952,-0.015576,-0.716149
-0.016357,0.044515,-0.079308
0.066990,0.036424,-0.691963
-0.003024,-0.030062,-0.408701
0.013666,0.038868,-0.048052
-0.032482,0.012017,0.494078
-0.041688,0.006270,-0.101345
0.046992,0.063654,-0.738785
-0.042170,-0.011243,0.232135
-0.029958,0.037441,-0.008958
-0.033886,0.016610,0.451444
-0.024119,-0.029872,-0.022260
0.033950,0.014671,-0.898054
0.057904,0.004229,-0.625186
0.055823,0.045705,-0.603344
-0.037359,0.042700,-0.212789
0.015448,-0.051488,0.874636
-0.005214,-0.058678,0.996978
-0.024043,-0.056417,0.410935
-0.021375,-0.073772,0.941912
0.021666,-0.017066,0.907143
-0.027130,-0.040843,0.206859
0.053048,0.020779,-0.315761
-0.011281,0.008056,0.634760
-0.030628,0.014715,0.408827
-0.012124,-0.029759,-0.324783
0.022702,-0.018562,0.438825
0.040011,-0.017244,-0.337707
-0.005188,0.081362,-0.846718
0.024933,-0.013985,0.022405
0.027186,-0.007060,0.528419
0.019013,-0.037901,0.361473
0.022998,-0.024119,0.331205
0.019779,-0.034723,0.822822
0.037181,0.000306,-0.149460
0.033231,0.062191,-0.602071
-0.044546,0.037517,-0.307560
-0.042652,0.001799,-0.324707
-0.033735,-0.057293,0.378469
-0.019776,0.046044,0.039146
0.017230,0.063046,-0.432774
0.015155,-0.026631,-0.029033
-0.029954,0.000065,0.695348
-0.052509,-0.007138,0.438756
0.064688,0.038587,-0.765502
-0.012257,-0.039697,0.039034
0.030485,0.049961,-0.289171
0.009284,-0.011882,-0.674117
0.008138,-0.036220,0.167231
0.019548,-0.016777,0.802788
-0.041727,-0.043490,0.971008
0.021790,0.035897,-0.077704
-0.010823,0.019957,0.370727
0.007899,-0.042963,-0.258103
-0.008673,0.011862,0.530497
-0.018519,0.009685,-0.652474
-0.042915,-0.041113,0.625972
-0.029378,-0.036603,0.794486
-0.021721,0.057537,-0.312968
0.008854,0.045708,-0.202948
-0.020448,-0.063873,0.574737
0.012018,-0.055564,0.982621
-0.030381,-0.022330,-0.061124
-0.047798,-0.032040,0.365899
0.008099,0.023222,0.231004
-0.041114,0.012368,0.161058
0.006274,0.043960,-0.119693
0.030632,0.028777,-0.118654
-0.047199,0.034223,-0.349119
-0.023372,-0.010635,-0.438459
0.006477,-0.055511,0.605537
-0.043965,0.016359,-0.080591
0.039109,0.056676,-0.561987
-0.021493,-0.061964,0.693271
0.030507,0.085174,-0.879001
-0.001947,-0.062743,0.516055
0.041331,0.050990,-0.431638
-0.038193,-0.047551,0.497009
0.015592,-0.050635,0.771355
0.009387,-0.032201,0.097693
0.048577,0.034053,-0.361962
-0.044125,-0.040644,0.665054
0.021709,-0.029893,0.625884
0.033263,-0.001427,-0.068402
-0.024455,-0.050073,0.336431
0.005406,0.017866,0.432842
0.049637,0.043541,-0.472017
0.018957,-0.014854,-0.736107
0.017316,-0.035793,0.288140
-0.035158,0.031802,-0.456221
0.018888,-0.023692,0.049909
0.018205,-0.000370,0.558575
-0.033431,-0.030436,0.158580
0.024939,0.002089,0.130767
-0.044393,0.050034,-0.248758
-0.028005,0.039171,-0.049187
-0.001060,-0.004427,-0.764969
0.019953,0.032397,0.001694
0.002135,0.066898,-0.511760
-0.047280,-0.018694,0.587039
-0.037211,-0.026957,0.005761
-0.010166,-0.065411,0.741282
0.034680,0.030720,-0.190392
0.002185,-0.035829,0.010967
-0.002149,0.005196,0.714528
0.042183,0.059270,-0.655676
-0.002142,-0.060601,0.369514
-0.025993,0.020813,0.293906
0.012271,-0.030278,-0.129160
-0.038310,0.022980,0.132497
0.022157,-0.007449,0.400502
-0.022133,-0.024635,0.842516
0.051222,0.015510,-0.403102
-0.037595,-0.002346,0.635997
0.002878,0.067952,-0.551582
0.054907,0.008906,-0.512120
-0.008386,-0.064046,0.555478
-0.030494,-0.034207,0.079400
0.025575,-0.007016,0.100765
-0.021307,-0.031963,-0.190157
-0.046534,0.004226,-0.021798
0.008387,-0.033648,0.127274
0.006730,-0.032424,-0.379006
-0.049670,-0.035491,0.450226
0.019021,-0.011464,0.646134
-0.046224,-0.032616,0.694697
-0.041197,0.012748,-0.168939
-0.006765,0.002057,0.874355
-0.014525,-0.006240,-0.586136
0.050406,0.044477,-0.511910
0.013669,-0.050969,0.721959
0.022000,0.060326,-0.393021
0.007437,0.003649,0.606419
0.012773,-0.024020,0.980327
-0.000558,-0.032995,-0.089085
0.031188,0.071890,-0.776055
0.040386,-0.012341,-0.414586
0.032940,-0.020385,-0.387367
0.008753,0.022119,0.313102
0.052610,0.003563,-0.841470
-0.028397,0.012643,0.352038
0.059174,0.010913,-0.768186
-0.046050,-0.037724,0.409371
-0.018856,-0.072020,0.838235
0.019167,-0.019010,-0.604312
-0.044889,-0.007003,0.190729
-0.011892,-0.063450,0.674019
0.026059,-0.000921,0.303011
-0.009132,0.025795,0.251404
0.023328,-0.005258,0.190059
0.019026,-0.013318,0.684692
-0.011669,0.021838,0.420403
-0.034095,-0.050594,0.450119
0.048056,0.004718,-0.375004
0.021918,-0.023603,0.713619
0.020403,-0.043629,0.751652
-0.021707,0.054732,-0.416910
-0.011250,-0.006438,-0.625378
-0.025925,-0.048417,0.870284
0.022181,-0.021900,-0.497479
0.053102,0.015730,-0.442538
0.013896,0.019521,0.200879
0.052611,0.003814,-0.798640
0.063851,0.045351,-0.745308
0.019109,0.062537,-0.472374
-0.029711,0.024023,0.203321
0.015698,-0.042447,0.339247
-0.003361,0.030812,0.163226
-0.004440,0.068484,-0.599438
-0.038843,-0.021413,0.251485
0.007264,-0.036296,-0.331681
-0.009671,-0.045459,0.217999
0.046491,0.042842,-0.401750
-0.026912,-0.014637,-0.397505
0.008656,0.058746,-0.785664
-0.050798,0.001995,0.068105
0.015828,0.010696,0.342759
-0.048341,-0.007300,-0.211504
-0.018762,-0.007593,-0.486799
0.019108,0.013651,0.171917
-0.044614,-0.001036,0.408408
-0.045646,0.021320,0.031043
0.036390,-0.016713,-0.454779
0.026480,-0.011511,0.485979
-0.009294,0.062098,-0.481317
-0.005120,-0.058090,0.457868
0.011621,-0.046376,0.429583
-0.002419,0.045792,-0.183346
-0.031469,-0.056003,0.525402
0.032232,-0.016096,-0.534841
-0.026067,0.047188,-0.445268
-0.038173,-0.010851,0.280376
-0.026421,0.009805,-0.526364
-0.028410,-0.007584,0.776219
-0.050763,-0.008475,0.088136
-0.028674,-0.039440,0.288007
0.024066,0.009513,0.270982
0.031143,-0.016405,-0.212399
-0.023160,0.043994,-0.149711
0.014631,-0.031456,0.188224
0.022901,0.066067,-0.571311
0.026599,-0.038898,-0.299811
0.017899,0.029463,0.122778
0.003659,0.017011,0.453359
0.030355,0.017353,0.033009
-0.032927,-0.036909,0.038476
0.007801,-0.006028,-0.898638
-0.029290,0.005147,0.540193
0.059437,0.029503,-0.582146
-0.039484,0.020935,-0.416404
-0.028488,0.037789,-0.584606
-0.040910,-0.006234,0.319714
-0.039350,0.031643,-0.388565
0.025129,0.037650,-0.160244
-0.044921,-0.005948,0.170314
0.015196,0.006905,0.479149
-0.038581,-0.007332,0.725247
0.023352,-0.024673,0.781801
-0.018822,-0.074430,0.962099
-0.014598,0.042671,-0.099495
0.000275,0.066941,-0.351431
0.010905,-0.029818,-0.108900
-0.022601,0.009770,-0.595643
-0.026820,0.020876,0.475115
-0.021934,0.002173,-0.556018
-0.021903,0.029340,0.172247
-0.001832,0.033898,0.142616
0.025677,-0.008028,0.259378
-0.046558,-0.012539,0.510100
-0.012849,0.029301,0.192923
0.041736,0.022801,-0.209975
-0.037699,0.051786,-0.346407
0.036256,0.020573,-0.149064
0.004138,-0.024243,-0.477406
0.000739,0.024849,0.271249
-0.016448,-0.076045,0.984585
-0.037023,0.015920,0.222602
0.014632,0.011903,0.391901
-0.037800,-0.043348,0.990696
0.030847,0.016199,-0.007602
0.002329,-0.048356,0.296823
-0.033795,0.004669,-0.448248
0.008304,-0.060325,0.915915
-0.043890,-0.010323,0.606120
-0.031971,-0.060305,0.897700
-0.043336,0.022607,-0.009424
-0.020659,0.054542,-0.873931
-0.018131,-0.065355,0.769527
0.032936,-0.001893,-0.048171
-0.029175,0.037619,-0.554755
-0.026543,0.045099,-0.638431
0.006356,0.044019,-0.139924
-0.021327,0.062175,-0.332312
0.002494,0.041249,-0.028762
0.003502,0.044432,-0.078328
0.024804,-0.019411,-0.068707
0.014404,-0.011652,0.875386
0.042565,-0.011224,-0.573637
-0.042429,-0.043566,0.950053
0.033064,0.018943,-0.078465
0.047758,-0.002926,-0.758924
-0.030505,-0.056720,0.625878
-0.016531,-0.007780,0.854012
0.004945,0.077121,-0.803019
0.008121,-0.057950,0.741299
-0.002981,-0.060575,0.496455
-0.042124,-0.028514,0.346349
-0.011523,-0.013188,-0.516808
0.014338,0.015913,-0.899640
-0.003014,-0.034265,-0.030455
-0.014053,0.049028,-0.222786
0.007268,-0.031461,-0.049661
-0.037803,-0.050561,0.704009
0.042945,-0.013391,-0.669322
-0.002361,0.007737,0.665295
-0.018820,-0.028263,-0.099867
-0.043756,0.023035,-0.369481
0.020492,-0.011053,0.607022
-0.034748,-0.013452,-0.090884
-0.020416,-0.039260,0.126348
-0.011547,-0.064108,0.605756
0.000911,0.046272,0.038156
0.023799,-0.001364,0.150035
0.028151,0.065451,-0.757788
-0.038986,-0.025164,0.198528
0.026124,-0.030907,-0.339715
-0.034457,0.034816,-0.079735
0.022599,-0.023851,-0.171137
-0.011145,0.007528,0.615205
0.002627,-0.024790,-0.457753
0.006643,0.003648,0.645926
-0.042785,-0.008317,0.339047
-0.059488,-0.005813,-0.250844
-0.016654,-0.071713,0.901697
-0.011188,0.006316,0.742674
0.012070,0.007838,0.519109
0.000227,-0.002654,-0.800937
0.019410,-0.036028,0.863548
-0.030377,0.002173,0.676035
0.002078,0.000990,0.833827
-0.003491,0.057868,-0.281071
-0.031811,-0.022499,-0.041846
0.008503,0.000092,0.761727
-0.047908,-0.029235,-0.261129
0.012920,-0.048339,0.663451
0.013198,-0.027944,-0.008625
0.014044,0.051455,-0.251056
0.036625,-0.006970,-0.799238
0.044117,0.042664,-0.323190
-0.031047,-0.056076,0.664906
-0.019439,-0.058787,0.357304
0.040751,-0.016832,-0.645992
-0.029123,0.054782,-0.266535
-0.018377,-0.019508,-0.419134
0.021018,-0.043933,0.907774
0.013912,-0.047790,0.586094
0.019424,-0.015005,0.742511
-0.005777,0.069530,-0.619702
-0.043378,-0.038695,0.931086
0.020114,0.033068,0.020890
0.054268,0.016714,-0.472732
0.051342,0.022719,-0.334779
0.013996,-0.006539,0.723355
-0.021879,0.008969,-0.614769
-0.041257,-0.009984,0.923770
0.023382,-0.028579,0.577357
0.049835,-0.001238,-0.493110
0.043379,0.073887,-0.791081
0.000927,-0.045880,0.257544
-0.009883,-0.038245,0.088002
-0.033978,0.039349,-0.426582
0.029734,0.029287,-0.098291
-0.043404,-0.041384,0.645021
-0.043402,-0.013782,0.695309
0.046155,0.051585,-0.541743
-0.031235,0.049430,-0.387588
0.013396,-0.050215,0.702932
-0.022053,0.032791,0.131707
0.017555,-0.045666,0.548151
0.013959,-0.021706,0.945221
0.015399,-0.015555,-0.695426
-0.027085,-0.013890,0.883801
0.021814,-0.030098,0.645016
-0.035888,-0.064102,0.973233
-0.037996,0.007884,0.281980
0.005953,0.053776,-0.898769
0.038414,0.082940,-0.811864
-0.026273,0.037045,-0.621468
0.028261,0.061603,-0.492017
-0.046043,-0.000785,0.492852
-0.040134,0.006566,-0.121304
-0.008624,0.026993,0.291029
0.011828,0.068124,-0.531914
0.019863,-0.025803,0.238772
0.023222,-0.019250,0.457452
0.006365,0.002423,0.685181
-0.045647,-0.020054,0.626630
0.058186,0.047641,-0.623866
0.029070,-0.004316,0.060915
0.018751,0.001896,0.440359
-0.037132,-0.002549,0.655711
-0.027397,-0.014190,0.996412
0.047328,-0.005438,-0.534258
-0.039512,0.003825,-0.368320
0.036732,0.056685,-0.472627
-0.029707,0.007708,-0.487631
0.008348,0.002760,-0.731691
-0.000013,-0.020904,0.997025
-0.006908,0.005960,0.782248
-0.047826,0.018514,0.111350
0.053952,0.036283,-0.492028
0.029721,0.067861,-0.633869
-0.024139,-0.045469,0.268306
0.056389,0.027007,-0.511308
-0.011736,0.030890,-0.661424
-0.004173,-0.005820,0.951153
-0.022364,0.032461,-0.856479
-0.033700,0.015497,0.261417
-0.041275,0.044118,-0.289283
0.046928,0.074556,-0.843883
-0.025841,-0.017849,0.795152
-0.024255,-0.063836,0.858999
0.022482,0.052367,-0.746920
-0.058183,0.020297,-0.215250
-0.034113,-0.038580,0.250129
0.020343,0.010419,0.229970
0.042434,0.050661,-0.452018
-0.024545,-0.055280,0.800211
0.041921,0.043828,-0.711914
-0.009615,-0.024841,-0.368012
-0.009409,0.025346,0.231693
-0.045768,-0.039481,0.587109
0.017835,0.085941,-0.891235
-0.025690,0.025337,-0.648916
-0.010892,0.008325,-0.872646
-0.035283,-0.015844,0.960014
-0.038906,0.006970,0.242450
0.049122,0.069633,-0.864503
0.015173,0.009296,-0.713345
-0.001052,-0.017092,-0.584937
-0.015141,-0.067199,0.788838
0.059263,0.047313,-0.702927
0.056430,0.001014,-0.737274
0.009669,-0.060108,0.853246
-0.011535,0.014275,-0.805998
-0.035677,-0.024285,-0.303166
-0.056547,0.030469,-0.242421
-0.044282,-0.004985,-0.308768
0.025936,0.055392,-0.659484
-0.009759,-0.043174,-0.253381
-0.003020,-0.065159,0.875701
0.009612,-0.002944,0.802351
-0.028146,-0.009841,0.980000
0.014823,-0.022061,-0.645176
-0.002406,-0.004442,-0.850751
0.061097,0.029782,-0.602766
-0.006004,-0.002649,-0.658483
-0.036253,-0.021648,0.895400
0.018310,0.038215,0.074250
0.019149,-0.012157,-0.888164
-0.052525,-0.000486,0.040212
-0.036623,0.051853,-0.234302
0.040696,-0.001295,-0.896178
0.053729,-0.007132,-0.272643
0.014764,-0.042353,0.973225
0.001548,0.050048,0.074913
0.043879,-0.005817,-0.251595
0.044886,0.033154,-0.250387
0.007295,0.006865,-0.671745
0.003993,-0.043268,-0.291677
0.026551,0.025440,-0.688327
-0.033299,-0.070800,0.931387
-0.002936,0.000229,0.926010
0.014939,-0.039256,-0.244059
0.018909,-0.009812,-0.858672
-0.039681,-0.047778,0.907035
-0.048755,0.002191,-0.195751
0.063632,0.049476,-0.842237
-0.014954,-0.063251,0.535755
-0.039426,-0.035970,-0.239825
-0.051118,0.002921,0.461475
0.051777,0.066253,-0.810508
-0.030700,-0.058987,0.585765
-0.014266,0.011167,-0.829862
-0.040815,0.021045,-0.148344
-0.000405,-0.036513,0.048852
-0.046204,0.035021,-0.202313
0.064738,0.032058,-0.863605
0.061853,0.050737,-0.784419
-0.028538,0.044105,0.071026
-0.048711,-0.011230,0.119474
0.028378,0.058562,-0.350955
-0.030106,-0.018136,-0.157350
-0.041467,-0.030419,0.027219
-0.027046,0.056974,-0.365669
-0.035145,-0.004422,-0.148597
0.063099,0.020805,-0.829932
-0.044684,0.025543,-0.179879
-0.024508,-0.038847,0.856865
0.056914,0.053518,-0.884503
-0.030690,-0.070613,0.909698
-0.037778,-0.056072,0.555742
0.015423,-0.053504,0.527089
0.016464,-0.023806,0.925145
0.023916,-0.041395,-0.267009
-0.003214,-0.002255,-0.880751
-0.012851,-0.038378,-0.223676
0.027955,-0.011673,-0.779340
0.027707,-0.005604,0.507752
0.068163,0.031482,-0.725819
0.064162,0.041537,-0.655615
0.008759,0.028187,-0.759143
-0.043401,-0.042234,0.725440
-0.031878,-0.015373,-0.129812
-0.015901,-0.045576,0.996980
-0.008202,0.050772,0.049417
-0.001407,-0.009861,0.975755
-0.046499,-0.024178,0.928026
0.042364,-0.000722,-0.860901
0.023863,0.067084,-0.591231
-0.004578,-0.066391,0.894305
-0.021214,-0.066606,0.824321
-0.022989,0.045086,-0.172260
-0.019004,0.040276,-0.834949
0.026711,0.031307,0.052434
-0.044232,-0.023730,0.749094
-0.032295,0.038637,-0.138664
-0.019430,0.056817,-0.651613
-0.017856,0.020473,-0.864250
-0.055108,-0.006875,0.472081
0.011024,-0.014095,-0.768168
-0.051118,-0.022365,0.376837
-0.026182,-0.031702,-0.003167
0.016129,0.030550,-0.670646
-0.039240,-0.029584,0.049832
-0.002313,0.047207,-0.213011
0.036970,0.052922,-0.331302
-0.012060,0.058371,-0.301659
-0.043892,-0.028002,-0.228057
-0.013264,0.035446,0.113071
0.062893,0.005571,-0.702714
0.009945,-0.019029,-0.658897
0.033949,-0.028489,-0.242122
0.040807,0.012223,-0.189931
0.001675,-0.008819,-0.778908
-0.012167,0.070042,-0.838526
0.026280,0.052238,-0.897080
-0.054059,-0.026036,0.470705
0.033583,0.073903,-0.894545
-0.048846,0.002488,-0.001518
0.008792,0.040657,0.085620
-0.021028,0.042313,-0.884573
0.051246,-0.002584,-0.306811
-0.039448,-0.050377,0.596518
0.029707,0.038455,-0.721225
0.030956,0.007815,0.052704
0.007562,-0.035716,-0.213324
-0.044380,0.025350,0.068138
0.066453,0.022063,-0.678304
-0.024119,0.041160,-0.118644
0.007464,0.045663,-0.172312
0.020061,-0.041957,0.495684
-0.008117,0.063597,-0.363065
-0.013375,0.045663,-0.822090
0.007029,-0.062938,0.961658
-0.021037,0.040804,0.009948
0.023439,-0.005533,0.332624
-0.020696,0.045281,0.083983
0.067094,0.040802,-0.806838
0.007972,-0.031735,-0.418262
0.056321,-0.001592,-0.679462
0.022909,-0.016080,0.089570
0.000091,0.052663,-0.241910
0.020231,0.044242,-0.222410
0.029850,-0.006163,-0.867964
-0.042659,0.028723,0.100499
-0.044098,0.005285,-0.061448
-0.000787,0.014044,-0.772672
0.045721,-0.010856,-0.317501
0.042416,0.002495,-0.220263
-0.030040,-0.034226,0.107098
-0.023624,0.041597,-0.193473
-0.024507,0.036580,0.103506
-0.036357,-0.045109,0.765157
-0.016765,0.024021,0.465040
-0.030492,0.003549,0.566119
0.017448,-0.038746,0.389907
0.001205,0.043664,-0.789602
0.010276,-0.031642,0.058542
0.031605,-0.016145,0.517961
-0.001663,-0.069267,0.931970
0.015233,-0.039386,-0.310170
0.046947,0.024081,-0.239258
-0.018658,0.065882,-0.862019
-0.032942,0.037424,0.091538
0.038324,0.047787,-0.310930
-0.032274,-0.006462,-0.386804
0.033189,-0.011961,-0.748652
0.024874,-0.015593,0.069623
-0.001806,0.071313,-0.815733
-0.003900,0.043735,-0.109384
-0.026489,-0.023278,-0.118945
0.018980,-0.022459,0.012296
-0.044919,-0.008416,0.577144
0.059876,0.005446,-0.667341
0.006471,-0.034289,-0.191837
-0.020085,0.018111,0.389950
0.066522,0.030510,-0.818747
-0.042404,-0.017469,0.210250
-0.049249,-0.009885,0.059366
0.027847,0.048446,-0.260310
0.044187,0.042401,-0.381614
-0.021439,-0.062884,0.712754
0.001233,0.008393,0.548372
0.050331,0.052738,-0.720564
-0.016995,0.019841,-0.882825
-0.007929,0.041905,-0.038689
0.022691,-0.044632,0.516716
-0.045203,0.015244,-0.040826
0.032924,-0.009539,-0.129581
-0.040593,-0.047208,0.400028
0.000909,0.011726,0.510915
-0.013422,-0.060639,0.486564
-0.018789,0.064829,-0.883805
0.000850,0.027180,0.301840
-0.037758,0.006320,0.370729
-0.010198,0.041271,0.000307
-0.020325,-0.021946,-0.334191
-0.016156,0.056936,-0.273522
0.035998,-0.000490,-0.118853
0.002631,0.064475,-0.383618
-0.044721,0.042894,-0.337581
0.027707,-0.026963,0.538758
0.033952,-0.000764,-0.088267
0.045520,-0.012018,-0.704481
-0.043934,0.007879,-0.183484
-0.046919,-0.021356,0.664204
0.045710,-0.007530,-0.346599
-0.041292,0.009970,0.201662
0.033036,0.018352,-0.037649
-0.022170,0.020133,0.430026
-0.044898,-0.037998,0.488670
-0.004139,-0.057879,0.400437
0.010466,0.039754,0.029122
-0.033021,-0.051064,0.420747
0.018687,0.044437,-0.665223
0.029670,-0.016394,-0.181729
-0.010435,0.045907,0.028276
-0.010779,0.066031,-0.341218
-0.039075,0.029805,0.011534
0.021508,-0.026263,0.268969
0.038868,0.032090,-0.230547
0.029403,-0.017633,-0.614239
0.029241,-0.003930,0.013156
0.058131,0.012154,-0.788387
-0.038639,-0.033043,-0.271361
0.017560,-0.037817,0.419750
0.022023,-0.017201,-0.715978
0.012660,0.041139,-0.067838
0.016280,-0.031075,-0.202300
-0.004424,-0.057075,0.429298
0.039021,0.010774,-0.159085
0.011677,0.038768,-0.018104
0.022714,-0.018373,0.419587
-0.052367,-0.016917,0.557077
-0.036484,0.032871,-0.039400
0.016031,0.042451,-0.150344
0.001328,-0.063954,0.831481
-0.039343,-0.015592,0.759749
0.006835,-0.010839,-0.754937
0.030707,0.006659,0.023037
-0.020292,-0.037035,-0.290744
-0.038968,-0.014900,-0.032156
-0.009589,-0.074398,0.951258
0.033923,0.019542,-0.108329
-0.003261,0.043004,-0.900103
0.023582,0.036535,-0.108890
0.008656,0.066334,-0.329003
0.016487,-0.026077,0.108404
-0.053253,0.032716,-0.264772
-0.035533,-0.007608,0.936583
0.038838,0.001693,-0.180562
-0.026550,0.040448,-0.069331
0.022902,0.034488,-0.037812
0.051933,-0.003691,-0.614995
-0.037957,-0.014447,-0.052040
-0.059996,-0.005519,-0.233658
0.045099,-0.003349,-0.831596
0.050937,0.046413,-0.684271
0.024130,0.009047,0.293089
-0.048695,0.007438,0.122206
-0.012011,-0.032908,-0.069877
0.037090,0.057061,-0.522446
0.046500,0.004250,-0.240118
0.066621,0.039932,-0.830521
-0.041359,0.016915,-0.110705
0.016661,-0.025979,-0.059047
0.027148,-0.016857,0.548675
-0.025236,0.047310,-0.602602
0.009661,0.071121,-0.632196
-0.001919,-0.062146,0.692846
-0.008974,0.004405,-0.841129
-0.020181,-0.045957,0.227481
-0.041473,-0.023461,0.139003
0.018941,0.016813,0.281982
0.012758,-0.047639,0.615480
0.051629,0.057295,-0.634561
-0.000307,0.021704,0.380026
0.008164,-0.055871,0.576008
0.032244,-0.009843,-0.108658
-0.014771,-0.015903,-0.448366
-0.005516,0.010938,-0.662346
0.015972,0.041308,-0.129836
-0.017682,-0.002926,0.813860
-0.019957,-0.007470,0.873426
0.020395,-0.020057,-0.671068
-0.013213,0.061311,-0.581376
-0.014324,0.059963,-0.406066
0.008566,-0.058220,0.799670
-0.026543,0.046666,-0.573798
0.065269,0.032080,-0.645193
-0.046894,0.014704,-0.340405
-0.040496,0.026350,-0.089933
0.026695,0.013403,0.091129
-0.025847,0.016289,0.322716
0.022580,0.068631,-0.620861
0.019320,0.058345,-0.308374
-0.028498,0.028505,-0.565492
-0.029296,-0.059215,0.741672
0.062180,0.012988,-0.635373
0.021651,-0.020305,-0.017931
0.008493,0.033725,0.133019
0.019547,-0.043532,0.885525
0.016958,0.016548,0.303089
0.029433,-0.011905,-0.038209
-0.028846,-0.036143,0.137198
0.025445,-0.011909,0.311796
0.008954,-0.019457,-0.594556
0.058942,0.056691,-0.831099
0.021995,0.034599,-0.058562
-0.020562,0.006662,0.576217
-0.043819,-0.015285,0.736695
0.018910,-0.030783,0.966384
-0.050329,-0.027725,0.429323
0.029773,0.027507,-0.048419
0.008120,0.010587,0.490728
0.050510,0.006592,-0.871365
0.005498,-0.055506,0.644754
0.021023,-0.028482,0.371715
0.015099,-0.030059,-0.181277
-0.049475,-0.030116,0.398060
-0.009010,0.042075,-0.019218
0.017673,-0.042746,0.811476
-0.045254,-0.018325,0.107850
0.035248,-0.007634,-0.191600
-0.025303,0.040701,-0.089659
0.008193,0.033442,0.112813
-0.020588,0.001707,-0.576284
0.025735,-0.018507,0.290261
-0.002314,-0.034264,-0.059826
0.029694,-0.011173,-0.058454
0.066440,0.031499,-0.666890
0.051646,0.034716,-0.412404
-0.036866,0.001461,-0.407341
0.014645,0.062940,-0.413185
0.053412,-0.003450,-0.636012
0.009908,0.087773,-0.815400
0.049608,0.005960,-0.413226
-0.021419,-0.061240,0.635533
0.006744,0.017926,0.411927
-0.028653,-0.000591,0.754654
0.036526,0.068844,-0.747094
-0.011492,-0.004782,0.965809
-0.038162,-0.002118,0.596126
-0.041244,-0.034030,0.960230
0.028892,-0.016776,-0.160831
0.011427,-0.047544,0.457722
-0.021319,0.052528,-0.523354
0.016337,-0.039399,0.318223
-0.047793,0.033782,-0.282479
-0.048386,-0.020678,-0.278066
-0.021617,0.043357,-0.865197
0.045697,-0.003736,-0.809361
-0.038171,0.006758,0.398768
-0.014307,0.019045,0.484700
-0.029381,-0.043770,0.238059
0.053238,0.042127,-0.891695
-0.040218,-0.030914,0.240184
0.023412,0.025418,0.082681
-0.030226,-0.042105,0.326525
0.005898,-0.032382,-0.019885
-0.006473,0.063464,-0.394607
-0.038688,-0.050044,0.616121
0.022405,-0.007047,0.372356
0.034502,-0.023748,-0.348753
0.031360,0.006090,0.002877
0.054679,0.025838,-0.462189
-0.001964,-0.060965,0.615385
-0.000066,-0.037538,0.116891
-0.031306,0.027910,-0.535472
0.019847,-0.042122,0.683612
0.012997,0.068197,-0.561156
-0.039624,-0.050197,0.535371
0.029998,0.056107,-0.382435
0.022883,-0.035219,0.896869
0.062126,0.020927,-0.613446
0.005318,-0.055423,0.390535
0.010428,-0.041861,0.277690
0.042095,-0.010194,-0.443727
-0.021020,-0.063424,0.595600
0.010319,0.037094,0.010550
-0.012953,0.063650,-0.609304
-0.020584,-0.038072,0.097670
0.000667,0.023330,0.324337
-0.013782,0.059526,-0.552460
0.020124,-0.018880,0.138136
0.062774,0.021867,-0.851767
-0.046571,-0.031640,0.654396
-0.006092,0.020087,-0.794273
-0.036483,0.021552,0.151733
0.065851,0.041452,-0.853346
0.009664,0.005306,0.567929
-0.039689,-0.054215,0.982271
0.008740,0.047428,-0.777640
0.017706,-0.025547,-0.078927
-0.011583,-0.064609,0.702817
0.030298,-0.010625,-0.078549
0.018549,-0.039124,0.605928
-0.020780,0.005537,0.605433
-0.011378,-0.064771,0.722282
-0.038330,-0.004983,0.685522
0.037853,-0.015460,-0.693457
-0.009272,-0.024097,-0.428866
0.027955,-0.017804,-0.139996
-0.000173,-0.040984,0.177243
-0.001042,0.061857,-0.443896
0.062481,0.007403,-0.726572
-0.002679,0.036247,0.104173
-0.021658,-0.062034,0.615887
-0.005361,0.044601,-0.089367
0.028773,0.027634,-0.068581
0.032430,0.006775,-0.017617
-0.038451,-0.049110,0.655382
-0.007259,0.063410,-0.502221
0.020459,0.002156,0.352608
0.064891,0.027964,-0.756630
0.000734,-0.061719,0.565611
0.009702,-0.054613,0.556895
-0.015956,0.058029,-0.492731
-0.042675,-0.052918,0.939873
0.044198,-0.009616,-0.473489
0.021999,-0.008001,0.429671
0.006031,-0.055405,0.625188
0.013233,-0.050155,0.486210
-0.033853,-0.032132,0.307053
0.056428,0.057635,-0.773285
-0.000103,-0.039277,0.156595
-0.039329,0.012129,-0.427044
-0.000637,0.018703,0.361507
-0.021176,0.004566,0.704985
0.008093,-0.039133,0.208186
0.058981,0.004722,-0.645962
0.022120,-0.022489,0.674875
-0.021928,-0.061306,0.655210
-0.044187,-0.031171,0.635548
0.012569,-0.047004,0.399904
0.013572,0.023301,0.163789
0.061593,0.022654,-0.873171
-0.020975,0.005729,0.624824
-0.004982,0.065850,-0.571310
-0.007022,-0.053519,0.326613
-0.009047,-0.042096,0.166744
0.018406,-0.028618,-0.427470
-0.037977,-0.049828,0.635610
-0.042975,-0.014662,0.159849
0.020691,-0.028381,0.429406
0.051080,-0.006222,-0.726875
0.019418,-0.026608,0.833917
-0.046750,-0.031316,0.674807
0.007609,-0.053719,0.359284
-0.041277,-0.000863,0.350493
-0.000976,-0.031461,-0.341574
-0.051873,-0.025389,0.545674
-0.009211,-0.043697,0.187247
0.026762,-0.018329,-0.584187
-0.004471,0.062642,-0.415251
-0.010711,0.007279,0.595864
0.058002,0.028052,-0.541908
-0.036971,0.031487,-0.019142
0.020555,0.062236,-0.361615
0.060737,0.032602,-0.883554
-0.002497,0.028330,0.202112
0.024569,0.001437,0.249398
0.061499,0.038262,-0.613544
0.014234,-0.030204,-0.160398
-0.043409,-0.018422,0.906888
-0.030405,-0.000438,0.714979
0.005711,-0.031931,-0.398312
0.059055,0.019234,-0.562697
-0.046616,0.023951,-0.292047
-0.058070,0.007529,-0.253599
0.009671,-0.047039,0.327641
-0.003382,-0.035192,-0.180722
0.053060,0.002505,-0.553409
-0.027112,-0.001902,-0.458357
0.052007,0.001510,-0.523430
-0.040734,-0.042116,0.745899
-0.024816,-0.056040,0.458574
0.022513,-0.033703,0.771556
0.062287,0.020412,-0.777528
-0.017095,-0.030930,-0.128037
0.025205,0.060758,-0.421820
-0.002839,-0.017056,-0.546547
0.022665,-0.022056,-0.633971
0.033097,-0.026300,-0.328890
0.011938,-0.051857,0.935553
-0.030410,0.029103,0.141880
-0.040373,-0.034011,0.758257
-0.030984,0.036054,-0.505358
0.022169,-0.021128,0.655483
0.006316,0.063536,-0.423995
-0.001981,0.006170,0.695323
0.014763,-0.052066,0.831737
0.019153,-0.022749,0.178728
0.061714,0.052187,-0.864544
-0.046361,-0.022063,0.684869
0.022545,-0.008411,0.448465
-0.037022,-0.006247,-0.334188
0.019985,0.003255,0.382035
0.053574,0.003534,-0.593739
0.018371,-0.039738,0.654041
0.006745,-0.018914,-0.565601
0.052332,0.007379,-0.482768
-0.036240,0.023729,-0.467164
-0.031000,-0.001351,0.734880
0.023800,-0.007205,0.219430
-0.044271,0.004030,0.150739
0.058838,0.055466,-0.753643
-0.027797,-0.060861,0.760713
-0.018577,-0.019530,-0.376809
0.051614,0.034453,-0.432477
0.019391,-0.020681,0.158236
0.021638,-0.015082,0.199348
-0.045898,-0.047196,0.562138
-0.019365,0.011770,0.522059
-0.015559,0.064463,-0.629884
0.013074,-0.025039,-0.487853
-0.031348,0.051439,-0.305514
0.068007,0.028178,-0.702991
0.051393,0.006942,-0.452798
-0.044359,0.002521,0.180960
0.045091,0.032186,-0.896202
0.014698,-0.033562,0.218701
-0.020992,-0.063712,0.731854
-0.033582,-0.032808,0.187756
-0.010007,0.058611,-0.453601
0.038509,0.049420,-0.391791
0.024109,-0.009600,0.466999
-0.044842,-0.002478,0.378845
0.003602,-0.022517,-0.507250
-0.037216,-0.050724,0.734076
0.017191,-0.039601,0.467133
0.022890,0.021693,0.101739
-0.023251,0.055900,-0.396653
-0.034298,0.033478,-0.476518
-0.002100,-0.061257,0.635063
-0.019799,0.023915,0.222675
0.047164,0.042878,-0.422301
0.034701,-0.019511,-0.425026
-0.040261,-0.014135,0.308683
0.003588,-0.034155,-0.139148
0.003798,-0.053857,0.448428
0.018610,-0.024731,-0.098850
0.024104,-0.019620,0.587537
0.063275,0.040795,-0.634418
-0.029869,0.003577,0.645450
0.019874,-0.025715,-0.446817
0.023400,-0.017055,0.248979
0.056823,0.018351,-0.521738
-0.036305,0.050772,-0.278565
0.022352,-0.016746,0.229002
-0.037909,-0.006391,0.705252
0.058831,0.038490,-0.592275
0.019080,-0.042360,0.713005
0.015180,-0.002769,0.597341
-0.028243,0.044105,-0.494812
0.050215,0.052181,-0.613832
0.019253,-0.033189,0.935670
0.016136,-0.008812,0.792046
0.008950,0.018065,0.333655
-0.001590,0.007302,0.625348
-0.047952,-0.033889,0.535820
0.010304,-0.044837,0.307166
0.006484,0.030383,0.153968
0.025734,-0.017859,0.568444
-0.018079,-0.018764,-0.358817
-0.039806,0.020757,-0.397453
0.055219,0.026695,-0.482306
-0.018053,-0.040273,0.156701
-0.034917,0.015658,-0.478032
0.019769,0.012556,0.190905
-0.020451,0.021719,-0.837531
-0.011991,-0.063256,0.645129
-0.031883,0.002324,0.924514
0.020657,-0.015372,0.771380
-0.041877,0.013926,0.141870
0.019557,0.072602,-0.782875
0.053993,0.046064,-0.571647
0.047428,0.043417,-0.441781
-0.021102,0.053067,-0.542971
0.035230,0.057373,-0.441991
0.005664,-0.004768,-0.742557
-0.014587,0.058802,-0.512906
-0.001669,0.004806,0.733251
0.032110,0.061773,-0.581991
-0.000518,-0.029718,-0.359312
0.022708,0.006320,0.161200
-0.019523,0.008390,0.549142
0.036601,0.057245,-0.502437
-0.039742,-0.028054,0.218144
0.016739,-0.008947,-0.812110
0.054549,0.063115,-0.874964
0.000259,0.025996,0.241588
-0.009656,-0.047177,0.237260
-0.032839,0.011570,0.312237
0.003438,-0.018259,-0.634909
-0.017392,-0.005966,-0.526513
0.052852,0.045400,-0.551628
-0.026229,-0.037647,0.167352
-0.029497,-0.022970,-0.178286
0.031682,-0.017915,-0.506388
0.059149,0.020949,-0.592832
0.038119,-0.007666,-0.769005
-0.044890,0.014140,-0.359445
-0.000243,0.026771,-0.899978
0.030463,-0.017412,-0.705152
0.046404,-0.008030,-0.504482
0.009527,0.021655,0.261608
-0.031290,0.016927,-0.497356
-0.030848,0.040648,-0.465358
0.002573,-0.016599,-0.615213
-0.018028,0.054013,-0.463391
-0.000564,-0.038232,0.136416
0.024903,-0.019820,-0.554819
0.020431,-0.025413,0.813195
-0.024270,-0.055136,0.430150
-0.005975,-0.066109,0.819193
0.021522,0.016016,-0.696414
0.014469,-0.010054,0.844186
0.000053,-0.044464,-0.272815
0.014620,-0.006816,0.751948
-0.025535,-0.000490,-0.477600
0.009342,0.063191,-0.453041
-0.006694,-0.051686,0.306725
0.049323,0.034259,-0.391889
-0.040724,-0.001919,0.290655
-0.034792,-0.004259,-0.358772
0.022956,-0.019510,-0.525839
0.014373,0.017902,0.220469
0.022807,-0.020396,0.616549
-0.014008,-0.057548,0.420003
-0.035225,0.014275,-0.457636
-0.014639,-0.059073,0.467458
-0.001101,-0.062984,0.731780
0.025229,-0.027003,-0.378705
0.056539,0.056136,-0.731872
-0.018182,-0.043706,0.197390
-0.019697,-0.064525,0.750567
0.022960,0.004328,0.180630
-0.041541,-0.053774,0.961761
0.020592,0.066007,-0.522099
-0.000705,0.004820,0.751945
0.022304,-0.020363,0.635933
0.006845,0.024241,0.211151
0.041082,0.056920,-0.592691
0.008555,-0.004966,0.865397
-0.050562,-0.035663,0.555619
0.001073,-0.004463,-0.830163
0.020961,-0.034343,0.917339
0.004656,-0.020976,-0.526955
-0.036374,-0.035572,0.336334
-0.008500,-0.002679,0.938984
-0.015678,-0.050001,0.287271
-0.044151,-0.005739,0.528806
-0.017068,-0.005281,-0.545936
-0.024732,-0.028067,-0.309659
0.030097,-0.020858,-0.476377
0.002106,0.002257,0.792105
-0.005644,0.003115,0.844708
0.001291,0.004575,0.771925
0.015719,-0.030773,-0.388601
0.027706,0.086552,-0.804967
-0.031710,-0.052834,0.486748
-0.023739,-0.031202,0.831141
0.048135,-0.004812,-0.563494
0.011311,0.059010,-0.654436
-0.029616,0.026749,0.161827
0.019727,0.065442,-0.501355
-0.020762,0.017578,0.361631
0.034228,-0.016366,-0.564051
-0.042918,-0.040766,0.507451
0.007625,0.077808,-0.897189
-0.046918,0.008109,-0.313587
-0.034061,-0.036426,0.776806
0.055566,0.014030,-0.882584
-0.024977,0.010344,-0.566226
-0.022411,0.001910,-0.536261
0.064499,0.044652,-0.681099
0.008542,-0.040709,0.248142
0.066768,0.025131,-0.737255
-0.018228,0.018007,0.333436
-0.029478,0.009122,0.512901
-0.014753,-0.033068,-0.158786
0.020536,-0.033811,0.802329
0.049069,-0.004655,-0.583794
-0.000897,0.025702,0.221614
0.028922,-0.016113,-0.727054
-0.047227,-0.030784,0.499339
0.008870,0.037333,-0.768495
0.066773,0.037195,-0.714134
-0.047219,-0.008367,0.547172
-0.015940,-0.052076,0.316786
0.008976,0.016012,0.352533
-0.030937,0.036639,-0.524646
0.021552,0.065212,-0.551756
-0.035229,-0.020307,-0.199860
-0.027179,0.044835,-0.514226
-0.056969,0.009243,-0.202995
0.004877,-0.062234,0.885627
-0.037541,-0.049051,0.516268
0.008751,-0.033152,-0.350352
-0.045324,-0.017580,-0.218775
-0.047509,0.030209,-0.317824
0.013295,0.017936,-0.674651
-0.025780,-0.027323,0.803922
-0.048480,-0.024003,0.526710
0.003651,-0.063857,0.864770
0.041642,0.068115,-0.769579
-0.043391,-0.042024,0.526192
0.002069,-0.063170,0.809590
-0.016333,-0.000499,-0.644955
0.037152,-0.014912,-0.604370
-0.019911,-0.011899,0.824129
0.032892,0.086307,-0.866442
0.009161,-0.057870,0.780022
0.037102,0.047397,-0.670561
0.017641,0.061661,-0.775689
-0.038337,0.004890,0.502976
0.046477,0.059892,-0.893024
-0.007550,-0.066530,0.778546
0.007398,0.090186,-0.857919
0.008773,0.038811,-0.899147
-0.054907,-0.001377,-0.274317
-0.046753,0.002049,-0.297371
0.002645,-0.064823,0.904718
-0.017900,0.001169,-0.605483
-0.013014,0.050113,-0.660357
-0.007042,-0.034150,0.998999
-0.000675,0.003361,-0.897155
0.011750,0.046228,0.049783
-0.002789,0.083725,-0.869966
-0.030616,-0.060548,0.565242
-0.026512,-0.037738,-0.276296
0.055205,0.055640,-0.660236
-0.030598,-0.026872,0.786496
-0.044079,0.024108,0.049926
0.000767,0.037722,-0.663641
-0.021299,-0.009974,0.804163
0.049414,0.034235,-0.270892
0.008287,0.072193,-0.792026
-0.000458,0.000659,0.884995
0.015669,0.043726,-0.757573
-0.003800,0.059843,-0.654138
-0.012989,0.003472,0.803330
0.027052,0.003296,-0.899270
0.047657,0.067830,-0.781192
-0.032036,-0.007944,0.948415
0.021868,-0.008046,-0.840684
-0.013364,0.002376,0.824082
-0.029695,-0.046538,0.887094
-0.050965,0.010243,0.030654
-0.025073,-0.036864,0.811661
-0.038901,0.031507,0.030744
0.011906,-0.046878,0.993679
0.006414,0.056108,-0.270374
0.002355,-0.041540,-0.246503
0.037549,0.080073,-0.800045
0.022820,0.028401,-0.721278
0.010113,-0.025677,0.992234
-0.012197,-0.001771,0.864174
-0.010821,-0.068513,0.867020
0.041307,0.063575,-0.635198
-0.028598,0.043258,0.050234
0.011947,-0.051584,0.954126
0.044850,-0.027511,-0.275908
0.058933,0.013781,-0.272393
0.016183,0.028190,-0.738719
0.013170,-0.000653,-0.705075
-0.049039,0.013844,0.067950
-0.036324,-0.004316,-0.130874
-0.025997,0.048920,-0.222764
-0.036005,0.017884,0.463126
-0.005544,-0.066670,0.798504
0.053069,0.014716,-0.249277
0.044175,-0.012341,-0.681080
-0.000539,-0.036518,0.030592
-0.042761,0.024487,-0.168235
-0.016120,0.020402,-0.658099
-0.041324,-0.035783,-0.251509
0.022284,0.090859,-0.869069
0.013657,-0.013076,-0.724947
-0.004241,-0.069319,0.991913
-0.006923,-0.069718,0.843786
0.031574,0.060377,-0.735502
-0.036266,-0.033722,0.895670
-0.031102,-0.056338,0.367040
0.041684,-0.028729,-0.264642
-0.018786,-0.041968,-0.245954
-0.042290,-0.048912,0.918428
-0.015780,0.016858,-0.816635
0.041593,-0.015024,-0.657556
0.048377,0.034257,-0.343145
0.023152,0.045919,-0.241609
-0.011760,0.054356,-0.242469
-0.034035,-0.055914,0.390107
-0.027436,-0.054901,0.833133
-0.052665,0.001892,0.098482
0.058032,0.003876,-0.284486
0.010903,-0.011013,-0.685654
-0.058769,0.014751,-0.236044
0.049674,-0.014914,-0.297374
0.026785,-0.041821,-0.278309
-0.038070,0.002772,-0.174106
0.033633,0.030472,-0.897428
0.002703,-0.004110,-0.666052
0.019730,0.054333,-0.288755
-0.002690,0.047447,-0.799871
0.040571,0.044298,-0.290128
-0.052584,0.022126,-0.276289
0.012694,0.009972,0.451602
0.004684,-0.012081,0.947077
-0.013666,0.075193,-0.882392
-0.004237,0.082828,-0.881539
0.016539,-0.021945,0.959307
0.018530,-0.023100,0.031337
0.019795,-0.040547,-0.255453
0.034146,0.034055,-0.687386
0.045518,-0.026314,-0.287328
0.031461,0.062732,-0.896145
-0.009729,0.042424,-0.811699
-0.026322,-0.049961,0.995003
0.004834,0.014854,0.471859
-0.019348,0.051853,-0.894834
-0.015642,0.024457,0.453644
-0.003165,0.083488,-0.858518
-0.039190,0.009666,-0.158105
-0.049981,0.002485,0.450101
-0.041516,0.050391,-0.259805
-0.027137,-0.071400,0.973303
0.041594,0.078140,-0.865348
0.007371,0.087516,-0.881472
-0.057641,0.025285,-0.229001
-0.012713,0.072742,-0.893899
0.011003,-0.037843,-0.233512
-0.018695,0.049352,0.073073
-0.032238,0.015845,0.440265
0.001878,0.011970,-0.761864
0.037710,-0.035336,-0.288746
-0.033456,-0.051092,0.468237
-0.051762,-0.012364,0.028964
-0.028033,-0.066530,0.848709
-0.045919,-0.041968,0.376828
0.065446,0.041149,-0.795682
0.025534,-0.014389,0.041433
-0.037576,0.047309,-0.223078
-0.021472,0.042447,-0.845732
0.034870,0.034144,-0.704002
-0.048006,0.038301,-0.212896
-0.037080,-0.061135,0.907654
-0.015622,-0.034176,-0.307336
0.039555,0.078790,-0.877266
0.020233,-0.027340,0.874363
-0.003445,0.045889,-0.150266
0.036032,-0.032694,-0.299495
-0.022865,0.044911,-0.160855
-0.053733,0.040782,-0.239203
-0.036830,-0.004085,-0.183578
-0.055064,-0.016336,0.449128
-0.042991,0.033321,-0.191781
0.040476,-0.017964,-0.252738
0.056948,0.017053,-0.294995
-0.021944,-0.074293,0.921465
-0.044615,-0.033653,0.921257
0.058735,0.014932,-0.283997
0.048963,0.069231,-0.799452
0.034593,-0.037146,-0.265934
-0.017404,-0.056358,0.346696
0.006215,-0.005528,-0.811979
0.038664,-0.006394,-0.232020
-0.027711,-0.021687,-0.100115
0.048916,0.032823,-0.324753
-0.010525,0.006621,-0.851840
0.008615,0.011430,-0.740445
0.028464,0.083275,-0.890045
-0.026213,-0.013970,-0.408485
-0.039132,-0.027371,0.079329
-0.030879,-0.070049,0.952736
0.027835,-0.022826,0.495584
-0.025212,0.052630,-0.233106
-0.038507,-0.024439,0.970562
-0.053796,-0.023207,-0.250320
-0.052638,-0.008095,0.482721
-0.010104,-0.038870,0.068797
0.054644,0.027799,-0.293443
-0.021290,-0.033742,-0.200999
0.052547,0.009814,-0.316188
-0.032435,-0.001512,0.897682
-0.030910,-0.034985,0.016328
0.045872,0.081453,-0.835412
-0.009944,-0.039622,0.019739
-0.034495,0.053798,-0.245900
0.020964,0.001463,0.518388
-0.048501,-0.009202,0.007230
-0.029935,-0.032739,0.996134
0.051200,0.011769,-0.335281
-0.046076,0.022354,0.087586
-0.046898,-0.013866,0.129937
0.001560,-0.005669,-0.790510
0.019560,0.088543,-0.880755
0.049015,0.036984,-0.291616
-0.058428,0.009388,-0.214807
-0.032930,-0.070903,0.920488
-0.003381,-0.060977,0.380341
-0.040988,0.018526,-0.129832
-0.051015,-0.011819,0.039928
-0.022420,-0.026112,0.853307
0.032699,0.064898,-0.622352
-0.012514,0.073698,-0.849195
0.056319,0.024670,-0.271903
0.009338,-0.059777,0.842374
-0.022865,-0.028664,-0.041249
0.048654,-0.006412,-0.261345
0.034799,0.063146,-0.648700
-0.038697,-0.010941,-0.318833
-0.019244,-0.063832,0.555311
-0.010370,-0.017990,0.998514
-0.039383,-0.003638,-0.091208
-0.001815,0.014582,0.492506
0.055623,0.001874,-0.748054
0.015200,-0.044565,0.349867
-0.021276,-0.069444,0.991701
-0.012079,0.075526,-0.860074
0.012061,-0.043839,-0.269035
-0.004116,-0.048020,0.998579
-0.042305,-0.051170,0.929196
-0.051863,0.042747,-0.251634
0.039301,0.054572,-0.728230
0.050364,-0.003974,-0.604294
0.027743,-0.041212,-0.289308
-0.042211,-0.043307,0.450708
0.053537,-0.004689,-0.296454
-0.027038,0.021442,0.283163
0.001376,-0.053414,0.337186
-0.028858,-0.009292,0.969232
0.014975,-0.052452,0.863884
0.044485,0.076667,-0.854192
-0.003050,-0.004021,-0.861517
-0.029625,-0.039845,-0.242151
0.022920,0.009603,0.260250
0.002022,0.010775,0.529582
-0.047132,-0.039972,0.576419
-0.052404,-0.000740,0.019325
0.009957,-0.031747,0.078039
0.055373,-0.006561,-0.284989
0.047474,0.071198,-0.875821
-0.055479,0.032474,-0.254234
0.049874,-0.017111,-0.273910
-0.016213,-0.035655,-0.002161
-0.001804,-0.038985,-0.224202
0.027525,-0.025512,-0.222440
-0.046115,-0.018167,0.088754
-0.001607,-0.008044,0.963088
0.012018,-0.053620,0.972043
-0.038463,-0.000392,0.539297
-0.033370,-0.024100,-0.013040
-0.030331,0.041143,0.081203
0.051185,0.067704,-0.853794
0.054017,0.003770,-0.260532
-0.036079,-0.014044,-0.071721
0.057359,0.002963,-0.272273
-0.012923,-0.026584,-0.398276
-0.009924,0.021559,0.390066
0.022577,-0.025568,0.341826
-0.045256,0.020913,0.011553
0.020447,-0.018160,0.896547
0.020826,-0.028572,0.390050
0.018301,-0.011362,-0.877511
-0.021700,-0.028559,-0.060315
-0.014044,-0.039913,-0.234205
-0.021007,0.055851,-0.254125
0.022698,-0.018115,0.399961
-0.001591,0.059498,-0.299798
-0.016688,0.025008,0.303236
-0.018333,0.061750,-0.841258
-0.038070,-0.003949,-0.111374
-0.044848,-0.040413,0.606803
-0.044481,0.011242,0.462300
-0.043370,-0.000563,0.222583
0.020317,-0.037531,0.567389
0.055680,0.060203,-0.783607
-0.014187,-0.033686,-0.021555
0.019080,0.042718,-0.202548
0.024079,-0.007671,0.120170
-0.002938,-0.034937,-0.323247
0.023538,-0.022606,0.320674
-0.018612,0.048602,0.049876
-0.040372,-0.063214,0.941260
-0.039821,-0.028910,0.015891
-0.020571,-0.038037,0.079075
0.003275,0.041144,-0.047866
-0.044925,-0.006249,-0.012538
0.024015,0.020185,-0.898564
-0.025441,-0.024254,0.874832
-0.007653,0.052839,0.061745
0.043810,-0.024294,-0.298454
0.010953,-0.029891,0.011823
0.051434,0.023545,-0.353196
-0.040348,-0.062990,0.929913
0.018880,0.061169,-0.318604
0.014449,-0.034117,0.983162
-0.033687,0.015870,0.272024
-0.029666,0.041139,0.039889
0.000102,-0.006969,0.934373
-0.040703,0.008974,0.439665
-0.043251,-0.042468,0.714836
0.009417,-0.003090,0.812952
0.025943,-0.035433,-0.242474
-0.043960,-0.018714,0.006076
0.022545,-0.024931,0.792370
0.026598,0.013387,0.122302
0.003986,-0.034521,0.000602
0.028191,0.058700,-0.329920
0.020419,0.040255,0.050997
0.026823,-0.008089,0.269912
0.015820,-0.041680,-0.299842
-0.045539,-0.020969,0.050005
0.029044,0.053356,-0.309348
-0.051280,-0.027348,0.480840
0.027597,-0.005936,0.079957
-0.032502,-0.070310,0.942276
0.020038,0.041166,0.062828
0.034057,0.030593,-0.179827
-0.042809,0.009013,0.483753
0.026598,0.028856,0.042123
-0.021969,-0.030349,-0.179201
-0.013864,-0.062360,0.380019
-0.030022,0.058784,-0.344424
-0.009917,-0.064770,0.574799
0.032456,0.030067,-0.159547
-0.044189,0.021649,0.001066
0.019651,0.002792,0.401203
0.039569,0.045609,-0.300562
-0.036414,0.051676,-0.356892
0.056130,0.061142,-0.864204
-0.038239,-0.028455,0.116687
-0.046152,-0.024177,0.725736
-0.055403,0.030821,-0.213746
0.014208,0.041458,-0.087969
0.058370,0.011648,-0.808934
-0.010441,0.046832,0.085871
-0.009246,-0.032654,-0.099499
-0.046639,0.048066,-0.236441
0.000633,-0.071919,0.982949
-0.049379,-0.027886,0.577363
-0.018964,0.024581,0.261163
-0.022824,-0.039822,0.028007
-0.045301,0.033780,-0.359461
-0.039781,-0.023158,0.149384
0.043675,0.043359,-0.361694
-0.035842,-0.023486,0.991818
-0.012927,0.045327,-0.183502
-0.046262,0.000611,0.428647
-0.022390,-0.040251,0.049207
0.000289,-0.071147,0.961281
0.026025,0.031607,0.062916
-0.012337,-0.037657,-0.213205
0.054938,0.019169,-0.305551
-0.022197,0.028865,0.182735
0.045696,0.040596,-0.312993
-0.027243,-0.035897,0.147574
-0.007207,0.062945,-0.373502
0.054617,0.024353,-0.260704
-0.010146,0.007877,0.576618
0.039855,-0.015328,-0.495464
0.052694,0.065816,-0.843184
-0.018763,0.065925,-0.872511
-0.025299,0.055582,-0.375920
0.049960,0.004692,-0.250011
-0.042763,0.010070,0.450719
0.035325,-0.007128,-0.831959
0.007428,-0.057744,0.506162
0.058351,0.058608,-0.807635
0.018625,0.063118,-0.329165
-0.021501,0.007267,0.665866
0.052591,0.029640,-0.304214
-0.041394,-0.011099,0.645689
0.039876,-0.016580,-0.635125
-0.007683,0.002992,-0.830756
0.000422,-0.036424,0.087751
-0.011627,0.063160,-0.320578
0.034263,-0.030086,-0.309476
-0.046480,-0.020856,0.016460
0.052647,0.004315,-0.851906
-0.047904,0.043342,-0.224229
-0.025028,0.017757,0.484935
0.035436,0.030900,-0.200818
-0.032951,-0.036481,0.027161
0.020915,-0.029444,0.457619
0.037173,0.050326,-0.321180
0.046405,0.054720,-0.665797
-0.002706,-0.000092,-0.810725
-0.052321,0.001835,0.087446
-0.035925,0.039598,-0.202921
0.021727,-0.001047,0.477383
0.036707,-0.008204,-0.821272
0.007334,-0.060074,0.526534
-0.006952,0.044280,-0.068087
0.008166,0.044993,-0.182797
0.025521,0.012332,0.132653
0.014473,-0.045000,0.983307
-0.020786,0.044143,0.028946
0.062758,0.051201,-0.795051
-0.050647,0.000871,0.008830
0.013705,0.011142,0.421953
0.058509,0.011418,-0.819351
-0.045122,0.004860,-0.041605
0.016359,0.043228,-0.160865
-0.004457,-0.063262,0.536285
-0.050999,-0.019544,0.408343
-0.025783,0.045449,-0.212952
-0.046032,0.005303,0.132037
-0.036903,0.019131,0.192243
-0.039380,0.034236,-0.169554
-0.044648,-0.007702,0.201104
-0.023101,0.043210,-0.183125
0.008904,0.064435,-0.318390
0.036582,-0.007018,-0.788841
0.019021,-0.038740,0.586383
-0.028877,-0.022436,-0.080833
-0.038973,0.026980,-0.109677
-0.034689,-0.047254,0.896183
-0.021256,0.013305,0.503472
-0.047838,-0.022239,0.027964
-0.020318,0.053495,-0.884616
-0.023106,0.040470,0.093972
-0.039567,-0.010010,0.902146
0.052435,0.058243,-0.647269
-0.011878,0.034876,0.131843
-0.024230,0.047352,-0.620530
-0.053136,-0.001296,0.029876
-0.020627,-0.063819,0.585120
0.037197,-0.007030,-0.221759
0.024899,-0.020691,0.476101
-0.027266,0.041662,-0.648201
-0.038373,0.007989,0.418831
-0.037421,-0.063508,0.962985
0.030408,0.018667,0.043303
-0.035407,0.003880,-0.438029
-0.029008,0.058706,-0.355058
0.062421,0.021294,-0.798002
0.018291,-0.045302,0.853347
0.037282,-0.017390,-0.242835
-0.028009,0.044648,0.060680
0.007635,-0.015768,0.976715
-0.031263,0.056046,-0.324279
-0.007726,-0.038459,0.009431
-0.021174,0.018942,0.409308
0.017661,0.029251,0.112287
-0.033770,-0.012941,-0.179143
0.049129,0.002925,-0.355492
0.009004,0.067167,-0.339822
0.012552,0.071408,-0.620310
-0.014453,-0.059177,0.400674
0.027363,-0.009719,-0.811249
-0.016604,0.005186,0.772698
0.028166,0.059397,-0.340384
-0.009465,0.047808,0.038406
-0.046575,-0.036954,0.419679
0.065175,0.042744,-0.735381
0.024578,0.029086,0.073081
0.018681,-0.011155,-0.899090
-0.003886,-0.044097,-0.263262
-0.017528,-0.075188,0.972927
0.034101,0.008375,-0.048071
-0.031381,0.015466,0.429597
0.022547,-0.036627,0.548541
-0.019483,0.064705,-0.851788
-0.020249,0.040962,-0.009217
-0.033836,0.038016,-0.192682
0.058389,0.011617,-0.830093
0.037844,-0.029571,-0.253132
-0.057225,0.019084,-0.247364
0.057538,0.018796,-0.532026
-0.048393,-0.036167,0.440006
-0.017520,0.042144,-0.058426
-0.023184,0.031944,-0.656434
-0.011498,0.065174,-0.330695
-0.029002,-0.070651,0.962857
0.047720,0.033415,-0.260755
0.002056,0.049771,0.049260
0.032563,-0.016478,-0.222603
-0.004494,0.073997,-0.825819
-0.030962,0.015220,0.419111
0.029439,0.029029,-0.087997
-0.013812,0.044281,-0.139395
0.018841,0.042582,-0.192252
0.002076,0.001119,0.823529
-0.020662,0.063028,-0.342554
0.042896,0.012573,-0.209761
0.028700,-0.008654,-0.886587
-0.049412,-0.010787,0.397971
-0.036304,0.019623,0.171568
0.023938,0.067553,-0.610721
-0.021178,0.003940,0.743291
0.014396,-0.009863,0.833904
-0.037747,0.022312,-0.447064
-0.032549,-0.045194,0.346030
-0.040857,-0.030392,0.038989
0.016317,-0.052685,0.516453
0.024574,-0.032565,0.495514
-0.038237,0.031844,-0.148461
-0.023589,-0.057848,0.873607
-0.029222,-0.025495,-0.189180
-0.036417,0.017318,0.474310
0.049792,0.035580,-0.281060
0.025669,-0.025086,-0.212341
-0.029735,-0.020196,-0.167396
0.058498,0.019103,-0.552451
0.031366,-0.009915,-0.098435
0.058462,0.011970,-0.840910
0.008829,-0.036730,-0.223551
-0.012201,-0.062918,0.516177
0.031399,0.029024,-0.128877
0.064718,0.042273,-0.864510
0.036434,0.052241,-0.351480
-0.038690,0.051193,-0.336122
0.016771,-0.014037,-0.746089
