-0.025842,0.657932,0.228234
0.034685,-0.956426,-0.289909
0.077176,-0.133840,-0.058971
-0.068143,0.256539,0.055618
0.018654,-0.531360,-0.221869
-0.027957,0.899152,0.301164
-0.096102,0.437751,0.201177
0.043112,0.067009,0.024804
0.021642,-0.341255,-0.107975
0.057593,-0.746263,-0.234328
-0.110043,0.378334,0.083210
-0.046895,0.772866,0.284231
-0.012298,-0.835634,-0.293672
-0.015778,0.532466,0.206464
0.057542,-0.455315,-0.136152
0.016128,-0.046639,-0.004678
0.036816,-0.224757,-0.122745
-0.005306,-0.646729,-0.229959
0.013286,0.173140,0.065974
-0.024992,0.330060,0.112675
0.067359,-0.604291,-0.197727
0.054649,-0.379196,-0.179738
-0.028640,0.117266,0.014671
0.079537,0.005487,-0.024337
0.060278,-0.876514,-0.285515
-0.045064,0.409457,0.142203
-0.072725,0.588651,0.219321
-0.009439,-0.756365,-0.276636
0.021224,-0.455154,-0.204079
0.006884,0.027899,-0.029047
0.089991,-0.067288,-0.015815
0.072699,-0.287970,-0.103119
-0.086896,0.509578,0.213775
0.037153,-0.816015,-0.243637
0.021120,-0.181040,-0.066772
-0.002992,0.241517,0.081621
0.042921,-0.528283,-0.154495
-0.061164,0.720174,0.238439
-0.044836,0.193827,0.031029
0.028777,-0.081934,-0.064826
-0.110756,0.385290,0.153498
0.056338,-0.678902,-0.214254
-0.033264,0.467980,0.189028
0.005699,-0.410894,-0.143322
0.024454,-0.697306,-0.274726
-0.047842,0.845393,0.264813
-0.006152,-0.905052,-0.279369
-0.086084,0.313955,0.092213
0.003420,-0.594945,-0.192131
0.078944,-0.204500,-0.077758
0.064191,-0.391431,-0.119431
0.037697,-0.300485,-0.150018
0.005788,-0.719916,-0.220945
0.039167,0.002048,0.018302
-0.060377,0.354691,0.155224
0.018702,0.116699,0.048649
-0.014660,0.061059,0.021150
-0.021260,0.296574,0.066298
0.047023,-0.108533,-0.019212
0.009045,-0.484313,-0.158535
0.040091,-0.249997,-0.073611
-0.050264,0.211559,0.082928
-0.051701,0.269482,0.105985
0.006289,-0.774712,-0.225932
0.032677,-0.606396,-0.238607
-0.022104,0.604564,0.226597
0.038527,-0.021837,-0.046111
-0.057480,0.374331,0.089630
-0.037221,0.148248,0.056558
0.075091,-0.336692,-0.123247
-0.002903,0.163315,0.018201
0.052878,-0.495780,-0.192422
-0.072147,0.638235,0.235448
0.029578,-0.135152,-0.086745
0.023921,-0.798329,-0.289209
0.020704,-0.286368,-0.102552
0.011087,-0.361385,-0.152865
0.013456,0.099545,-0.005761
-0.072090,0.451022,0.159636
0.034126,-0.640136,-0.188475
0.014116,-0.858990,-0.253240
-0.016067,0.813206,0.284161
-0.023224,0.736963,0.262584
0.049908,-0.555699,-0.194820
-0.049399,0.680087,0.263473
-0.050372,0.420741,0.189293
-0.097830,0.347531,0.123818
0.054388,-0.427417,-0.184470
-0.002937,0.214257,0.043522
0.041660,-0.913031,-0.262928
-0.010735,-0.804936,-0.257335
0.074552,-0.085394,-0.055911
-0.055246,0.544365,0.228157
0.047198,-0.174611,-0.104273
0.008426,-0.551067,-0.175237
-0.088557,0.404169,0.114701
0.049194,0.045525,-0.014703
-0.050840,0.514127,0.185112
-0.060696,0.472102,0.224172
0.062147,-0.038805,0.004415
0.028178,-0.143307,-0.043552
0.027075,-0.917167,-0.308069
0.036834,-0.655707,-0.245823
0.034471,-0.747430,-0.271458
-0.000469,0.019766,0.015151
-0.026022,0.849447,0.304086
0.062149,-0.172792,-0.051289
0.021161,-0.861642,-0.294893
-0.039513,0.574546,0.198324
-0.049526,0.335620,0.076356
0.053926,-0.341028,-0.158618
0.012569,-0.680196,-0.211483
0.007520,-0.497515,-0.200913
-0.011111,-0.718019,-0.261502
-0.031789,0.368465,0.129070
0.063367,-0.813863,-0.275219
0.055072,-0.708159,-0.249022
0.013377,-0.571129,-0.228562
-0.028725,0.251480,0.047434
-0.096676,0.477468,0.191081
-0.075620,0.385745,0.176175
-0.008331,0.201641,0.085193
-0.063562,0.296489,0.058162
-0.000317,-0.010565,-0.011228
-0.027814,0.785118,0.251190
0.050562,-0.267972,-0.130989
0.037587,-0.422557,-0.122728
0.018090,-0.408254,-0.180776
0.052222,-0.779659,-0.257609
0.004307,-0.446711,-0.168967
-0.060502,0.733940,0.275141
0.019920,-0.218580,-0.088005
0.076484,-0.417703,-0.145581
0.019493,-0.385140,-0.117470
-0.061480,0.323959,0.125038
0.041432,-0.586645,-0.173147
-0.100759,0.420998,0.163767
-0.034217,0.501950,0.220782
0.050131,-0.490674,-0.148953
-0.017319,0.091424,0.044327
-0.016893,0.285402,0.105034
0.067383,-0.048895,-0.040598
-0.061476,0.674285,0.228128
0.017531,-0.076070,-0.028310
-0.000321,-0.677737,-0.254198
0.054285,-0.357342,-0.100494
0.013332,0.065350,-0.020080
0.045932,-0.318374,-0.092695
-0.083491,0.351773,0.076922
0.063491,-0.249958,-0.101975
0.041800,-0.712025,-0.209358
-0.060271,0.222252,0.047392
-0.054364,0.805300,0.264475
-0.001933,0.140808,0.069148
0.025779,0.148709,0.034031
0.054440,-0.637312,-0.217901
0.050661,-0.845282,-0.259276
0.072261,-0.373506,-0.149127
-0.054891,0.608306,0.243948
0.050107,-0.217941,-0.062234
-0.049605,0.618188,0.209207
0.038995,0.009187,-0.029363
-0.119241,0.374858,0.117916
-0.065753,0.549861,0.195016
0.019355,-0.108056,-0.043298
0.004197,-0.939196,-0.290245
0.040815,-0.072468,-0.002405
-0.039953,0.179526,0.073419
-0.029787,0.568022,0.231096
0.029653,0.035330,0.024342
0.040368,0.101091,0.015625
0.056125,-0.459847,-0.173191
0.050641,-0.113489,-0.070463
0.004023,0.130990,0.009849
-0.011891,-0.865508,-0.277517
-0.034294,0.239653,0.094429
0.020640,-0.253816,-0.116971
0.016423,-0.329425,-0.143456
0.086000,-0.029973,-0.019987
0.024125,-0.454122,-0.135098
-0.001703,-0.614040,-0.226036
-0.038316,0.151213,0.023589
-0.044234,0.642577,0.252543
-0.074932,0.423032,0.139000
0.062023,-0.153802,-0.080335
0.014871,0.071905,0.040746
-0.077396,0.280577,0.088976
-0.058939,0.481617,0.174060
-0.066808,0.245553,0.086379
0.026565,-0.750142,-0.218701
-0.010042,-0.741958,-0.239008
0.063161,0.016591,0.001332
0.004000,-0.513446,-0.172915
-0.013036,0.081392,-0.005215
-0.006690,-0.789005,-0.286623
0.016365,-0.044304,-0.040933
0.048242,-0.837796,-0.290266
0.061891,-0.305802,-0.130027
0.047555,-0.283290,-0.084364
0.058987,-0.907638,-0.291365
-0.091744,0.464320,0.219451
0.050184,-0.584150,-0.215049
0.015072,-0.634978,-0.255529
0.076206,-0.099652,-0.027270
-0.029569,0.706578,0.257191
0.059512,-0.211428,-0.101478
0.058704,-0.137982,-0.033946
-0.057360,0.398126,0.110077
-0.032473,0.356617,0.096147
-0.046594,0.871140,0.282427
0.010686,-0.731989,-0.284192
0.006761,-0.627835,-0.196421
-0.063450,0.442311,0.207180
0.019485,-0.188276,-0.096736
-0.042657,0.385053,0.160262
0.045349,-0.557216,-0.164762
0.072801,-0.234995,-0.077180
-0.007195,0.269884,0.071514
-0.010059,0.042441,-0.002531
-0.038761,0.304409,0.120896
0.012500,0.183468,0.034557
0.014798,-0.015722,0.014372
0.044273,-0.523701,-0.199778
-0.046388,0.435916,0.162976
0.055383,-0.015810,-0.022117
0.018362,-0.895114,-0.257544
0.044300,-0.874393,-0.258727
0.024714,-0.379786,-0.175126
0.039682,-0.782382,-0.230972
-0.021562,0.321036,0.082809
0.009593,-0.802665,-0.236217
-0.082067,0.409989,0.191213
0.025236,-0.610458,-0.180393
0.010988,-0.008987,-0.038002
-0.043336,0.822040,0.288584
-0.062099,0.706758,0.263958
0.019189,-0.770490,-0.283560
0.038003,-0.552434,-0.224862
0.023570,-0.277906,-0.132168
0.016080,-0.310184,-0.117718
-0.021515,0.842070,0.275116
-0.052412,0.756149,0.259285
0.002413,-0.833144,-0.251309
0.037403,-0.053165,-0.057775
-0.000715,-0.559760,-0.200565
-0.030742,0.224720,0.038793
0.077080,-0.177783,-0.086307
-0.029191,0.116823,0.045470
-0.041979,0.275951,0.050391
-0.018714,0.186282,0.024504
-0.014375,-0.769520,-0.252517
-0.028569,0.497899,0.189381
0.013811,-0.823761,-0.294052
-0.087945,0.358133,0.155298
-0.023057,0.763019,0.273914
-0.036754,0.547586,0.192718
0.014443,-0.920265,-0.268998
-0.009918,-0.703689,-0.237936
0.045778,-0.682377,-0.247629
0.045343,-0.931342,-0.293316
0.038951,-0.028881,0.015037
-0.092932,0.452571,0.177298
-0.067721,0.299976,0.113604
0.042453,0.075100,-0.001243
-0.105202,0.352429,0.098031
0.056058,0.046937,0.011718
-0.074414,0.500594,0.186383
0.061135,-0.437904,-0.157956
0.023926,-0.161072,-0.092647
-0.050166,0.650291,0.219119
-0.021205,0.631323,0.229971
0.074078,-0.014059,-0.002045
-0.074647,0.327819,0.069011
-0.040336,0.687706,0.239529
0.004851,-0.466676,-0.186551
-0.105318,0.405780,0.135299
0.069963,-0.315610,-0.103723
-0.062491,0.515172,0.222523
0.030992,-0.430821,-0.200224
0.002875,-0.523547,-0.200344
0.024351,-0.113677,-0.071789
0.018096,-0.894365,-0.298606
0.010381,-0.361371,-0.123928
0.036203,-0.356735,-0.170392
0.041017,-0.664029,-0.199132
-0.004449,0.237780,0.055819
-0.077593,0.490920,0.230541
0.026543,-0.501784,-0.149094
-0.043942,0.339712,0.136093
0.035524,-0.170366,-0.048014
-0.049669,0.175805,0.049672
0.027700,-0.482629,-0.207086
0.038301,-0.717390,-0.266534
-0.030180,0.789960,0.293709
-0.083176,0.376576,0.083546
0.045730,-0.403845,-0.189720
0.026658,0.123479,0.019270
-0.019144,0.260312,0.100286
0.036312,0.091295,0.038940
-0.075775,0.341676,0.139439
-0.053962,0.576049,0.233608
0.023683,-0.672243,-0.260787
0.064255,-0.404360,-0.163530
0.012743,-0.655977,-0.203746
-0.025643,0.085617,0.021032
0.031900,-0.200633,-0.115136
0.010381,0.200989,0.068040
-0.010561,0.176779,0.073391
0.006486,-0.437741,-0.145503
0.007847,-0.389424,-0.156367
0.069236,-0.080776,-0.011154
0.020800,0.150137,0.059646
0.081622,-0.365300,-0.127435
0.022357,-0.252770,-0.092059
-0.065155,0.662927,0.250079
-0.056818,0.199569,0.057232
0.040576,-0.195564,-0.056835
-0.069853,0.691807,0.243653
-0.065403,0.575009,0.200080
0.077936,-0.109632,-0.052643
-0.072592,0.612921,0.227456
-0.040963,0.311290,0.066980
-0.019618,0.563898,0.209116
0.045886,-0.792047,-0.280195
0.008236,0.044822,0.031699
-0.028870,0.668473,0.250182
-0.100254,0.399127,0.174816
0.018702,-0.150850,-0.071061
0.052861,-0.513005,-0.170743
0.051093,-0.077128,-0.056195
-0.034096,0.532621,0.225501
0.028266,0.041811,-0.026496
0.035830,-0.324820,-0.159104
0.059823,-0.573214,-0.181380
0.055957,-0.606999,-0.220518
-0.074590,0.527422,0.196867
0.041880,-0.464646,-0.195858
0.006795,0.095840,0.046824
-0.043663,0.412468,0.167665
-0.070568,0.563398,0.221707
-0.107097,0.394225,0.100993
-0.004951,0.017358,-0.011030
-0.024764,0.873627,0.292042
-0.000604,-0.586145,-0.214055
-0.016304,0.143596,0.008671
-0.013662,0.108290,-0.001713
0.064614,-0.194960,-0.059864
0.015536,-0.581144,-0.176862
0.020323,-0.537145,-0.159954
-0.003125,-0.884085,-0.290239
-0.047383,0.461388,0.169144
-0.007479,0.117275,0.055230
0.061575,-0.629512,-0.196697
0.026510,-0.511309,-0.212129
0.041631,-0.384711,-0.109331
-0.038551,0.379091,0.109218
-0.041378,0.442238,0.187049
-0.101170,0.491333,0.210468
0.036123,-0.473155,-0.141246
0.026959,-0.096871,-0.023781
-0.052243,0.245354,0.042816
-0.086252,0.325237,0.112550
0.062878,-0.265648,-0.084818
-0.016726,-0.816945,-0.280793
-0.067282,0.232969,0.067008
-0.036963,0.725396,0.277078
-0.015522,0.793646,0.268732
-0.032318,0.600185,0.206480
0.033166,-0.686598,-0.203592
-0.026215,0.215831,0.086821
-0.002741,-0.677227,-0.231513
0.077923,-0.395615,-0.137107
0.067979,-0.058340,-0.005708
0.038845,-0.885287,-0.296524
0.023674,-0.941374,-0.276902
0.054845,-0.726220,-0.224022
-0.001297,-0.885870,-0.264086
0.085427,-0.072986,-0.040495
0.054371,-0.892262,-0.268145
0.046144,-0.620199,-0.183136
0.036998,-0.249270,-0.131819
0.037227,-0.628474,-0.239206
0.010195,-0.462783,-0.152031
-0.078944,0.305141,0.072055
0.034126,-0.122914,-0.030615
-0.035646,0.473042,0.210710
-0.001309,-0.856077,-0.294843
-0.039596,0.751308,0.283344
0.026060,-0.207340,-0.069071
0.056058,-0.730881,-0.250370
-0.037915,0.593371,0.237363
0.007200,-0.656930,-0.255413
-0.026893,0.819178,0.265867
-0.040861,0.727509,0.253416
0.031991,-0.840950,-0.248490
0.054650,-0.659401,-0.224221
0.054438,-0.012346,0.011922
0.005895,-0.420521,-0.167314
0.033944,-0.365170,-0.103214
0.061518,0.017348,-0.020799
0.053971,-0.800940,-0.253384
0.004498,-0.701634,-0.267261
0.020888,-0.229058,-0.108638
-0.078690,0.473546,0.178013
0.074659,-0.166168,-0.067874
0.057986,-0.470495,-0.151423
-0.070669,0.728503,0.256964
-0.074354,0.541175,0.218795
0.051027,-0.135391,-0.080904
0.060451,-0.702223,-0.229250
-0.057571,0.396985,0.175964
0.008224,-0.919081,-0.298476
0.057565,-0.415679,-0.124675
0.014593,-0.613739,-0.246923
-0.053924,0.784134,0.263168
0.062546,-0.335268,-0.100901
0.022947,0.007378,-0.044126
-0.085067,0.393352,0.096261
0.064765,-0.118321,-0.025154
-0.011112,-0.839253,-0.266304
-0.065940,0.411903,0.123487
-0.047801,0.793632,0.281429
0.041911,-0.859399,-0.292907
0.008722,-0.386875,-0.135363
-0.096526,0.379619,0.168132
-0.103455,0.363839,0.142620
0.044017,-0.441694,-0.127734
-0.031159,0.519398,0.189272
0.020967,-0.936678,-0.302218
0.017484,0.003977,0.020235
-0.013915,-0.783805,-0.267528
0.053250,-0.318937,-0.149712
-0.014852,-0.749450,-0.257611
-0.038690,0.484205,0.177522
0.060214,-0.851946,-0.281289
0.017592,-0.700099,-0.210048
-0.035272,0.625760,0.244882
0.004984,-0.546102,-0.214775
-0.057907,0.823349,0.273448
-0.046979,0.453421,0.211995
0.024658,0.082552,-0.007964
0.005487,-0.024149,-0.025308
-0.013291,0.302499,0.084637
-0.030313,0.762056,0.254913
0.000821,0.003939,-0.025463
0.016665,-0.408517,-0.126420
0.020494,-0.068027,-0.052615
0.051029,-0.541451,-0.176134
0.041777,-0.054190,0.006233
0.022916,-0.588124,-0.233995
0.081391,0.007253,-0.004269
0.002854,-0.805064,-0.294272
-0.001237,0.003198,0.003656
-0.023996,0.878002,0.311723
0.076615,-0.014049,-0.028442
0.042441,0.022741,0.015185
0.016737,-0.750950,-0.287799
0.045204,-0.817961,-0.291924
0.047866,-0.764004,-0.230219
-0.071720,0.425427,0.199980
-0.047485,0.850789,0.284193
0.067263,-0.346744,-0.144754
0.054957,-0.487513,-0.174263
0.066304,-0.193940,-0.091309
-0.066887,0.277144,0.054166
0.063213,-0.230407,-0.096326
-0.031711,0.626277,0.212984
0.001239,-0.629550,-0.242150
-0.053632,0.490798,0.224716
0.049517,-0.040473,-0.043471
-0.001490,-0.632211,-0.214045
0.045029,-0.445066,-0.193914
0.062504,-0.366240,-0.164904
-0.016859,0.305278,0.104370
-0.005263,-0.791171,-0.242703
-0.058615,0.601348,0.203798
-0.102273,0.425926,0.186477
0.055245,-0.300699,-0.089944
0.081906,-0.219175,-0.090747
0.044689,-0.283419,-0.142760
-0.000494,-0.611656,-0.205243
0.047237,-0.090307,-0.011543
0.004843,0.219897,0.066568
0.044925,-0.150572,-0.091924
-0.007060,-0.763063,-0.234589
0.019296,-0.343967,-0.156567
0.019202,-0.427930,-0.127443
0.006900,-0.755383,-0.222741
-0.037107,0.131061,0.025700
0.055745,-0.236209,-0.113576
-0.019530,0.131973,0.059953
0.013525,-0.342517,-0.128142
-0.017684,0.159005,0.069360
0.070697,-0.353348,-0.110357
-0.004132,0.075009,0.044155
-0.064467,0.370535,0.165896
-0.059931,0.315134,0.064445
0.003036,-0.700732,-0.223234
-0.020420,0.551652,0.224280
-0.016176,0.203052,0.034597
0.036601,-0.335672,-0.096778
0.066835,-0.438330,-0.137866
0.022211,0.163739,0.045860
-0.067416,0.633458,0.217248
-0.028602,0.165884,0.015449
0.022425,-0.311000,-0.144009
0.061200,-0.100146,-0.055010
0.022434,-0.565056,-0.168656
-0.057452,0.533013,0.189883
-0.071441,0.455754,0.218530
-0.012068,0.061534,-0.004655
-0.035098,0.803598,0.257979
0.012747,0.197852,0.049155
0.027011,-0.231007,-0.075068
0.030249,-0.307485,-0.095322
-0.080998,0.434815,0.154249
-0.075880,0.266678,0.075739
-0.026588,0.338551,0.089012
0.008921,0.148138,0.017759
-0.024073,0.269970,0.054045
-0.044930,0.366012,0.156629
0.023267,-0.718414,-0.211087
0.020557,-0.826457,-0.243217
-0.056675,0.352640,0.081467
0.026152,-0.271825,-0.091383
0.045472,0.027883,-0.021091
-0.036863,0.392954,0.137076
-0.009115,0.283898,0.086148
0.018560,-0.296812,-0.131147
0.002883,-0.494847,-0.177167
-0.044324,0.174431,0.031377
0.071578,-0.153830,-0.053649
-0.048079,0.706549,0.241092
-0.025296,0.190529,0.078704
0.038282,-0.894380,-0.258126
-0.027696,0.827461,0.298051
0.060560,-0.264011,-0.115263
0.001400,-0.536706,-0.186666
0.085175,-0.050622,-0.003260
-0.117904,0.366318,0.100620
0.038806,-0.735948,-0.215604
-0.028625,0.686625,0.255765
0.002521,0.159186,0.072960
-0.046979,0.286666,0.112434
0.017855,-0.440174,-0.190270
-0.062890,0.592651,0.235482
-0.062778,0.625863,0.246242
0.020003,-0.518150,-0.155896
-0.003025,-0.857809,-0.261059
0.025866,-0.876334,-0.255202
-0.091785,0.331887,0.090883
0.038414,0.060838,-0.013091
0.017031,-0.089442,-0.043930
0.083102,-0.051969,-0.030829
-0.007855,0.220153,0.088188
-0.070658,0.656507,0.231506
-0.027867,0.349181,0.112709
0.054039,-0.754147,-0.250898
-0.113566,0.389980,0.127316
0.088981,-0.091317,-0.040909
-0.045199,0.293310,0.057254
0.066319,-0.385983,-0.165793
0.044460,-0.402877,-0.121348
0.007639,-0.598708,-0.232903
0.039591,-0.699210,-0.262790
-0.030244,0.271398,0.110094
-0.065552,0.261169,0.097014
-0.051911,0.425723,0.147615
0.050397,-0.192527,-0.107262
0.037593,-0.095511,-0.073652
0.060420,-0.281247,-0.121671
-0.110363,0.406626,0.157600
-0.002058,0.040955,-0.018976
-0.044027,0.213066,0.033887
0.007214,-0.028955,-0.007702
-0.048222,0.228126,0.091461
0.004099,0.186980,0.078028
-0.025023,0.582492,0.206197
-0.030300,0.102941,0.025944
0.058111,-0.684364,-0.232483
0.031565,-0.181974,-0.110214
-0.007379,-0.724095,-0.236290
0.024693,-0.792755,-0.229846
0.037962,-0.902914,-0.301146
0.053512,-0.648563,-0.203570
0.018860,-0.127468,-0.061190
0.017944,-0.273304,-0.115447
0.016918,0.115816,0.005898
0.050021,-0.695834,-0.211958
-0.038580,0.886501,0.288022
0.014754,-0.058080,-0.028137
-0.037081,0.134458,0.043528
0.053331,-0.158635,-0.044185
0.022303,-0.323450,-0.104745
0.020714,-0.551225,-0.230048
-0.043271,0.665478,0.226110
0.059981,-0.062884,-0.049291
0.041016,-0.799116,-0.238605
-0.091285,0.420700,0.146273
0.027856,0.129759,0.036141
0.025309,0.107047,0.034967
0.001220,-0.664241,-0.219702
-0.026113,0.491908,0.206162
0.089874,-0.083976,-0.022500
0.031691,-0.392982,-0.187208
-0.021696,0.511121,0.211818
0.047485,-0.566875,-0.211117
0.027146,-0.844787,-0.293976
0.022057,0.057132,0.033642
0.012507,0.127795,0.061248
0.039555,-0.266427,-0.080671
-0.023111,0.858539,0.281916
0.025055,-0.064369,-0.004808
-0.039866,0.707981,0.271717
-0.099044,0.454260,0.193991
-0.048015,0.253329,0.099344
-0.004297,0.036386,0.020380
-0.008700,-0.738617,-0.275271
-0.087596,0.448130,0.213312
-0.015485,-0.799798,-0.275005
-0.036561,0.321706,0.124030
0.022602,-0.164862,-0.059708
0.050980,0.058848,-0.000773
0.045547,-0.507724,-0.148439
0.065102,-0.322264,-0.135489
0.075441,-0.183680,-0.069747
0.057565,-0.241042,-0.070697
-0.069919,0.284613,0.105294
0.001684,0.079691,-0.014696
0.003580,-0.575405,-0.188410
0.003382,-0.464855,-0.168105
-0.057416,0.739620,0.253916
-0.004351,0.253050,0.067397
0.018373,0.166747,0.028989
0.016381,-0.025318,-0.041478
0.031436,-0.927187,-0.270111
0.040044,-0.506801,-0.201567
-0.099812,0.359814,0.083110
-0.021663,0.587413,0.223257
-0.045088,0.195593,0.078079
0.019525,-0.031434,0.008385
0.031200,-0.411751,-0.195274
0.042485,-0.007937,-0.030746
-0.044689,0.559071,0.230482
0.035485,-0.578710,-0.226520
0.022986,-0.126085,-0.043585
0.017420,-0.194692,-0.080708
-0.058564,0.755386,0.275529
-0.011860,0.127787,0.002968
-0.012169,-0.821442,-0.262595
-0.041451,0.164134,0.062168
-0.093491,0.437538,0.168657
0.035973,-0.764660,-0.272430
-0.024789,0.100926,0.009329
0.010385,-0.738605,-0.220258
0.029695,0.024729,-0.028824
-0.040287,0.355390,0.143900
0.067239,-0.028276,-0.030886
0.033614,-0.857635,-0.252351
0.043738,-0.545610,-0.207309
0.047187,-0.925824,-0.276833
0.020706,-0.204558,-0.102059
-0.065112,0.410370,0.188528
0.058810,-0.169857,-0.092556
-0.031136,0.642392,0.218858
0.017660,-0.480611,-0.144162
-0.055822,0.263135,0.045675
0.064057,-0.375794,-0.112409
-0.054769,0.497135,0.179947
0.054858,-0.605524,-0.182168
-0.002936,0.190551,0.029491
0.011915,0.029095,0.026168
-0.060732,0.213658,0.069631
0.063820,-0.282428,-0.089375
-0.093287,0.486469,0.225624
0.056182,-0.862430,-0.268495
-0.008109,0.265549,0.087931
0.052392,0.002573,-0.021274
0.020251,-0.719015,-0.278852
0.017581,-0.954203,-0.286198
0.058811,0.036247,-0.001169
0.042306,-0.483540,-0.198558
0.010623,-0.043019,-0.021602
-0.045433,0.160279,0.044443
0.066596,-0.216305,-0.065648
-0.069337,0.709574,0.248933
0.024991,-0.669412,-0.198773
0.003353,-0.564198,-0.216865
-0.060989,0.643714,0.250839
0.014340,-0.472822,-0.203953
0.076846,-0.033232,-0.006259
0.011559,0.047114,-0.026678
0.017208,-0.175143,-0.081998
0.051488,-0.828768,-0.256376
0.023011,-0.774519,-0.224830
-0.038106,0.609546,0.241777
0.071988,-0.128736,-0.038253
-0.076296,0.289161,0.066195
0.026733,-0.080789,-0.015163
0.029173,0.098283,-0.000182
-0.009111,-0.773526,-0.280771
0.056427,-0.410277,-0.177072
0.065284,-0.618683,-0.213027
-0.062141,0.228113,0.082157
-0.042553,0.662633,0.257797
-0.073929,0.314695,0.118853
0.036651,-0.118939,-0.081791
0.046092,0.086475,0.021272
-0.027694,0.810812,0.297158
0.060024,-0.798098,-0.270964
0.048269,-0.181900,-0.050113
0.017485,0.178984,0.050548
-0.003924,0.058841,0.033645
0.031479,-0.290595,-0.090621
-0.071712,0.249980,0.071126
-0.015099,0.244706,0.096258
-0.054948,0.310172,0.118487
-0.067054,0.617404,0.212462
0.034106,-0.535875,-0.217900
-0.015377,0.228073,0.044038
0.018313,-0.424341,-0.185437
0.048095,-0.209636,-0.113317
0.004089,-0.482581,-0.191000
-0.079856,0.296116,0.093967
0.070817,-0.302146,-0.113231
0.074315,-0.319153,-0.119225
-0.049560,0.634635,0.214018
-0.063645,0.680928,0.255244
-0.080348,0.329345,0.127358
-0.060114,0.336712,0.135930
0.044270,-0.749672,-0.222813
0.028650,0.077561,0.033808
-0.062432,0.467283,0.166220
-0.057740,0.442556,0.153171
0.018137,-0.644258,-0.193622
0.035407,-0.341023,-0.165786
0.047578,-0.946378,-0.287202
0.002000,-0.817335,-0.247068
0.072483,-0.270438,-0.097176
-0.064311,0.239427,0.052111
-0.008927,-0.698433,-0.253368
-0.002353,-0.661535,-0.243001
-0.019286,0.073722,0.007765
-0.049029,0.436527,0.200266
0.060179,-0.099094,-0.017371
0.040789,-0.233411,-0.066801
-0.109141,0.357022,0.117068
0.020033,-0.234101,-0.092695
0.049406,-0.025500,-0.034674
0.007418,-0.405474,-0.161607
0.065882,-0.123237,-0.063581
0.054717,-0.478516,-0.187675
-0.035923,0.863294,0.297359
0.008587,-0.533167,-0.170233
0.047365,-0.620810,-0.229323
-0.118682,0.383600,0.097577
0.034684,-0.038473,-0.051830
0.014685,-0.327242,-0.123255
0.040459,-0.458641,-0.135891
-0.048553,0.229059,0.038823
0.001564,-0.921828,-0.278395
0.002295,-0.900438,-0.292167
-0.040808,0.774113,0.254013
0.059132,0.001555,0.005067
0.020525,-0.102084,-0.058032
-0.032312,0.852445,0.269665
-0.016915,0.073869,0.034724
0.061771,-0.582923,-0.193845
-0.013477,0.253709,0.054390
0.066856,-0.211246,-0.087374
0.010614,-0.518566,-0.213305
0.001586,-0.509412,-0.188084
0.044493,-0.423108,-0.197079
-0.085736,0.411548,0.128458
0.041409,-0.138895,-0.036094
-0.033487,0.181795,0.021141
0.063518,-0.138033,-0.071613
0.000910,0.114310,-0.000874
-0.047585,0.402316,0.121730
-0.028015,0.650493,0.241883
0.002307,-0.479611,-0.173454
-0.082665,0.473559,0.228255
0.036110,0.049513,0.022954
-0.030624,0.671560,0.234946
0.019364,-0.496938,-0.211046
0.026176,-0.625432,-0.184586
0.015177,-0.879385,-0.295519
-0.027717,0.721293,0.261810
-0.037088,0.742039,0.257363
-0.001325,0.096659,-0.009493
0.063882,-0.422029,-0.153510
0.042654,-0.917655,-0.300137
0.065671,-0.893663,-0.291180
-0.070319,0.394532,0.100855
0.050623,-0.787730,-0.242812
-0.054865,0.690241,0.234872
-0.029814,0.137241,0.012638
0.002559,-0.904632,-0.266625
0.060741,-0.836186,-0.266629
0.050364,-0.519337,-0.186294
0.024046,0.134065,0.053179
-0.081126,0.309467,0.106087
0.000769,-0.647401,-0.212976
-0.093006,0.352546,0.137387
-0.054098,0.205817,0.042603
0.013696,-0.500772,-0.157055
0.004714,-0.760090,-0.286730
0.054904,-0.662633,-0.208927
-0.057851,0.529032,0.226324
-0.033465,0.256096,0.102529
0.051581,-0.302409,-0.144414
0.025541,-0.784144,-0.282634
0.022103,-0.655146,-0.256610
0.004389,-0.835333,-0.295878
0.037046,-0.266540,-0.137407
0.058579,-0.909785,-0.276503
0.057985,-0.069433,-0.004293
-0.039442,0.826847,0.263087
-0.043638,0.427381,0.177698
-0.093429,0.501161,0.202337
-0.016779,0.831393,0.284365
0.056788,-0.815649,-0.261012
0.050106,-0.251206,-0.125052
-0.024537,0.618381,0.237701
0.079628,-0.382146,-0.131107
0.048454,-0.125626,-0.027872
-0.076850,0.527169,0.214612
-0.032880,0.288007,0.116817
-0.000556,0.060414,-0.019291
0.024063,-0.593111,-0.175724
0.086091,-0.011007,-0.017584
0.054803,-0.769587,-0.241917
0.072274,-0.244905,-0.087983
0.023260,-0.738142,-0.279846
-0.000433,-0.724900,-0.277859
0.059568,-0.593660,-0.209120
-0.018849,0.544679,0.199098
0.036063,-0.370645,-0.175400
0.054846,-0.502473,-0.160879
-0.011526,-0.885868,-0.278479
-0.058934,0.835910,0.266158
0.032749,-0.010808,0.019562
0.007395,-0.791129,-0.288866
0.029353,-0.635837,-0.248771
0.038261,-0.734415,-0.266570
-0.083958,0.320542,0.077205
0.040302,-0.598008,-0.229779
-0.084574,0.502853,0.226256
-0.031992,0.199650,0.028360
0.031351,-0.576196,-0.169237
-0.079400,0.511926,0.193451
0.067769,-0.001709,-0.027911
-0.042969,0.365678,0.092869
0.049907,-0.090633,-0.060573
-0.027359,0.744531,0.273915
0.084084,-0.080752,-0.010028
0.077811,-0.108945,-0.037774
-0.050170,0.742159,0.281412
-0.047198,0.557018,0.193801
-0.055678,0.714847,0.273574
0.050025,-0.537283,-0.189574
0.021208,-0.467082,-0.142484
-0.020187,0.531110,0.223887
0.080769,-0.201113,-0.091294
0.048360,-0.739877,-0.257962
-0.048812,0.518216,0.223674
0.047721,0.035628,0.012211
0.022631,-0.369771,-0.110157
-0.013534,-0.730617,-0.255782
-0.023481,0.750581,0.259225
0.042802,-0.384798,-0.184752
0.061017,-0.450214,-0.151257
0.017343,-0.391651,-0.174168
-0.086327,0.367865,0.165232
-0.068917,0.359263,0.080078
0.045318,-0.346584,-0.097032
-0.007244,-0.814648,-0.295358
0.064759,-0.426231,-0.130316
0.007345,-0.366953,-0.136317
0.038944,-0.806414,-0.287448
0.054787,-0.569948,-0.193889
-0.098846,0.470715,0.203005
-0.070771,0.503804,0.225250
0.039560,-0.778030,-0.272676
-0.042498,0.839053,0.289584
0.035914,-0.548276,-0.160082
-0.042457,0.792282,0.255040
0.009011,-0.606913,-0.188110
0.034479,-0.449102,-0.201798
0.054359,-0.565017,-0.171573
0.056059,-0.474625,-0.169783
0.026904,-0.353128,-0.103669
0.054458,-0.447630,-0.179080
0.084337,-0.095654,-0.053004
0.076967,-0.352533,-0.128388
-0.024953,0.780896,0.284992
-0.031927,0.368183,0.113926
0.069355,0.022823,-0.009050
0.051291,-0.033751,0.010851
0.038927,0.089593,0.003578
0.053546,-0.500669,-0.177296
-0.051488,0.832779,0.280773
0.038505,-0.940936,-0.278729
0.036911,-0.065927,-0.062290
-0.011996,-0.710980,-0.249311
-0.014959,0.542245,0.216223
-0.047909,0.388925,0.107044
-0.014010,-0.847027,-0.276956
-0.029646,0.565414,0.197149
-0.111675,0.369535,0.133583
0.026050,-0.023079,0.016706
0.046630,-0.724638,-0.258807
-0.038671,0.530563,0.189740
-0.001724,-0.598896,-0.209896
0.022331,-0.624016,-0.250869
0.024789,0.015166,0.021799
0.012332,-0.842068,-0.249624
-0.027754,0.485145,0.194661
-0.031212,0.350112,0.125690
0.017955,-0.357466,-0.112851
0.042645,-0.639859,-0.234586
-0.067118,0.490399,0.180057
-0.044082,0.346258,0.082452
-0.034330,0.551116,0.227445
0.038393,-0.164535,-0.103458
-0.015887,-0.828473,-0.273370
0.016164,-0.062447,-0.040699
-0.043248,0.802920,0.289890
-0.091354,0.403409,0.184219
0.011934,0.011360,-0.037702
0.060701,-0.717014,-0.231722
-0.027531,0.287369,0.058940
0.015815,-0.682378,-0.264461
-0.023716,0.503965,0.200232
-0.041739,0.397992,0.157230
0.004852,-0.007389,0.008942
0.050940,-0.525061,-0.164614
-0.018028,0.862498,0.294831
-0.035314,0.380186,0.140454
-0.041163,0.690265,0.265794
0.030386,-0.038906,0.010102
0.025733,-0.365703,-0.168661
-0.020927,0.800818,0.291635
-0.032152,0.879741,0.301412
-0.102487,0.388954,0.089747
-0.043132,0.503824,0.181970
-0.008309,-0.875592,-0.269715
0.013008,-0.373637,-0.119693
0.029018,-0.727439,-0.273649
-0.033504,0.869429,0.281694
-0.101204,0.400803,0.112847
0.023190,0.090909,0.037448
-0.037923,0.329314,0.076352
-0.072378,0.360729,0.162045
-0.062206,0.506839,0.184851
-0.064659,0.748269,0.266272
0.049622,0.071757,0.014386
-0.044748,0.475383,0.219934
0.066680,-0.362219,-0.152960
0.075014,-0.402770,-0.147764
0.000357,-0.783994,-0.233132
-0.013895,-0.806073,-0.287924
0.036007,-0.940136,-0.296226
-0.025911,0.345480,0.100169
0.010194,-0.022776,0.003516
-0.017337,0.847150,0.286477
-0.029153,0.834650,0.267456
-0.070697,0.673467,0.237421
0.027342,-0.395634,-0.117388
-0.113906,0.404365,0.145071
-0.048837,0.583627,0.199600
-0.036868,0.457139,0.195370
0.083275,-0.021477,-0.007597
0.032921,-0.688459,-0.265989
0.032959,-0.655070,-0.194131
-0.034696,0.380455,0.124835
0.071011,-0.069805,-0.049915
-0.034432,0.770475,0.287205
0.027173,-0.809636,-0.238223
-0.022316,0.525141,0.196910
0.003974,0.206646,0.077854
0.050166,-0.666482,-0.234172
0.041106,-0.831199,-0.248927
-0.027441,0.536946,0.193139
-0.020403,0.327815,0.093837
-0.089849,0.426529,0.199214
0.038261,-0.566274,-0.223971
0.006460,-0.876876,-0.258845
0.055593,-0.355382,-0.166561
0.055499,-0.711444,-0.221222
0.008390,-0.935599,-0.278507
0.049023,-0.455985,-0.187378
0.067225,-0.147557,-0.043171
0.039270,-0.487606,-0.142579
0.032707,-0.821394,-0.291920
0.068949,-0.025710,0.000737
-0.061129,0.341381,0.076090
0.047305,-0.362621,-0.173522
-0.079004,0.457267,0.168630
0.015000,-0.784613,-0.226080
-0.087478,0.496260,0.191938
-0.039959,0.391867,0.121657
0.024338,-0.176846,-0.100792
-0.097223,0.378338,0.081630
-0.048960,0.816592,0.261312
0.003802,-0.873624,-0.293531
-0.097579,0.341255,0.112549
0.071000,-0.358100,-0.139926
0.031188,-0.708162,-0.273028
-0.110180,0.361742,0.090643
-0.057110,0.566231,0.195594
-0.024071,0.310434,0.113708
0.022915,-0.850141,-0.250107
0.066988,-0.407039,-0.126099
0.028545,-0.159157,-0.049831
0.023138,-0.048992,-0.050807
-0.055052,0.325447,0.070371
0.032774,-0.766244,-0.223627
0.030075,-0.904257,-0.258664
-0.057031,0.774020,0.270419
0.072986,-0.149962,-0.065794
0.061885,-0.350762,-0.156180
0.025991,-0.350736,-0.165129
0.035973,-0.000467,-0.038841
0.008504,-0.355128,-0.142007
-0.000743,-0.689093,-0.227168
0.050425,-0.415784,-0.188012
0.026989,-0.570009,-0.230424
0.012846,-0.709040,-0.275893
0.024939,-0.193498,-0.107157
0.022115,-0.014234,-0.044169
0.033714,0.052274,-0.021286
-0.009441,0.153398,0.013597
0.062127,-0.335922,-0.149084
-0.049782,0.813246,0.282016
0.089771,-0.070290,-0.028841
-0.051770,0.652419,0.255425
0.002312,0.199700,0.036607
0.002799,0.173740,0.022739
0.014892,-0.315913,-0.129017
0.056666,-0.295350,-0.135008
-0.003825,0.101900,0.050270
-0.076516,0.407220,0.118240
0.052166,0.018865,0.007245
0.001534,-0.649263,-0.247051
0.054447,-0.434530,-0.126980
-0.056188,0.845297,0.274349
-0.010648,-0.780442,-0.246761
-0.097316,0.405971,0.125491
-0.043329,0.410352,0.155002
-0.021628,0.570675,0.219609
-0.017115,0.316793,0.099087
-0.072081,0.558023,0.202306
-0.047346,0.540509,0.191088
0.014526,-0.765456,-0.222431
-0.017960,0.794405,0.281108
-0.081289,0.364007,0.079185
0.029947,-0.293080,-0.143331
-0.059786,0.657949,0.222016
0.074375,-0.091631,-0.015067
0.019023,-0.303713,-0.107284
0.000696,-0.744740,-0.225512
-0.013495,-0.856618,-0.286321
0.058014,-0.585668,-0.180520
-0.097678,0.414194,0.185796
-0.036850,0.221453,0.090562
-0.062291,0.700395,0.235521
-0.053764,0.633409,0.250805
0.052657,-0.867530,-0.289933
-0.034566,0.241350,0.042815
-0.086355,0.463279,0.177514
0.003324,0.015796,-0.028788
0.011825,-0.433901,-0.180497
0.006285,-0.400112,-0.149740
0.062537,-0.309061,-0.095831
-0.069552,0.618942,0.238245
0.016899,-0.375510,-0.166274
-0.039038,0.464133,0.178112
-0.074347,0.401451,0.186232
0.004307,-0.415732,-0.155096
-0.041043,0.609165,0.207216
0.060088,-0.835483,-0.286864
-0.045187,0.400227,0.169895
-0.024765,0.313446,0.073363
0.043602,-0.151457,-0.040880
-0.036566,0.367353,0.143552
-0.006307,-0.895582,-0.271166
0.054413,-0.326790,-0.096453
0.007896,-0.422228,-0.138479
-0.006496,0.023016,0.000031
0.053508,-0.691519,-0.243990
0.004470,-0.441748,-0.157492
-0.068789,0.517389,0.189732
-0.070754,0.582317,0.208682
-0.084246,0.393554,0.181334
0.057196,-0.490292,-0.159516
-0.023768,0.148576,0.066206
0.021593,-0.912788,-0.262030
-0.055583,0.459276,0.218868
0.058651,-0.311929,-0.140552
0.073752,-0.228431,-0.088979
0.048259,-0.650149,-0.229589
0.038345,-0.672873,-0.250736
0.027099,-0.528266,-0.154397
0.010985,-0.947519,-0.296524
0.052298,-0.635797,-0.191301
-0.052550,0.189270,0.062738
-0.008684,-0.691507,-0.243059
-0.056903,0.504099,0.221852
0.006438,-0.451813,-0.180069
0.051107,-0.061198,0.002039
0.033469,-0.703299,-0.206503
0.050241,-0.903334,-0.264408
0.020679,-0.733355,-0.215775
-0.004337,0.029370,-0.015227
-0.011122,-0.875692,-0.285521
-0.023654,0.798937,0.258770
0.003882,-0.849905,-0.254501
0.050290,-0.900943,-0.297084
-0.098692,0.441717,0.179075
0.048781,-0.545396,-0.163519
0.030471,-0.663785,-0.253614
0.025891,-0.438324,-0.127709
0.069471,-0.179193,-0.058907
0.058753,-0.421789,-0.173275
0.072341,-0.200120,-0.067989
0.017080,-0.290576,-0.120607
-0.008008,0.180217,0.023715
0.064154,-0.292387,-0.116737
-0.034941,0.120173,0.031055
0.050352,0.059927,0.017764
0.035714,-0.518888,-0.151094
-0.015385,-0.810487,-0.268884
0.026886,-0.247255,-0.082022
0.024029,0.140924,0.024657
-0.080616,0.432514,0.204727
0.011650,-0.905454,-0.298392
0.055657,-0.257802,-0.078679
-0.039694,0.780898,0.291073
-0.013229,0.169988,0.018063
0.000149,0.235623,0.071298
0.007406,-0.581610,-0.226193
0.018090,0.173607,0.039301
0.007603,-0.889573,-0.294352
0.069195,-0.298641,-0.098163
0.027382,-0.334224,-0.159455
0.033872,-0.448455,-0.130243
-0.018028,0.809053,0.272778
-0.077426,0.277617,0.070203
0.011940,-0.397714,-0.130605
0.057291,-0.390834,-0.176913
0.007424,0.010958,0.018396
0.024721,0.017699,-0.037750
-0.035400,0.654512,0.252073
-0.057218,0.293135,0.114197
0.025443,-0.031206,-0.048428
0.045874,-0.754266,-0.260013
0.033949,-0.868503,-0.294763
0.034192,-0.474023,-0.201305
0.052673,-0.393388,-0.115808
-0.027545,0.521346,0.223996
0.028987,-0.540659,-0.227920
-0.003320,-0.734204,-0.230770
0.012033,0.154174,0.067118
0.045641,-0.347490,-0.167346
-0.059286,0.642463,0.215922
0.054377,-0.552539,-0.171666
0.050633,-0.516896,-0.155564
0.038734,-0.300299,-0.089276
-0.075687,0.513609,0.219936
-0.058637,0.626217,0.212433
0.048514,-0.576751,-0.172461
-0.058220,0.416592,0.131666
-0.078081,0.350999,0.155808
0.026826,-0.175957,-0.056967
0.024128,-0.260406,-0.126606
-0.051464,0.283591,0.050699
-0.026008,0.092358,0.031168
0.049549,-0.226092,-0.116309
-0.064244,0.554017,0.226204
0.016715,-0.617499,-0.185495
-0.006329,0.029394,0.010575
-0.086616,0.447599,0.168170
0.063635,-0.275611,-0.111384
0.013886,0.105788,0.046275
0.048565,-0.720277,-0.215188
-0.051383,0.186586,0.044319
0.028251,-0.317484,-0.153069
0.020064,-0.155968,-0.081995
-0.043810,0.449948,0.171133
-0.018268,0.279626,0.060226
0.019377,-0.258624,-0.102269
0.058255,-0.034579,-0.036076
-0.047038,0.325516,0.128815
0.007774,-0.372413,-0.149051
0.023957,0.059575,-0.020997
-0.086256,0.339995,0.077733
-0.039248,0.874834,0.292898
-0.040746,0.592157,0.203115
0.050489,-0.055368,-0.049653
-0.024694,0.100175,0.040382
-0.004715,0.259722,0.077602
-0.027949,0.165034,0.071512
-0.103555,0.410987,0.175719
0.006561,0.213757,0.056288
-0.041480,0.144660,0.038760
-0.072388,0.347137,0.075756
0.024272,-0.297071,-0.098215
0.033434,-0.216405,-0.065980
0.014927,0.184343,0.061757
-0.028785,0.139895,0.059466
-0.069391,0.602449,0.232555
-0.095421,0.336096,0.101605
0.057929,-0.441556,-0.169013
0.057809,-0.454106,-0.162704
0.060094,-0.731849,-0.233305
-0.010492,0.045580,0.015644
0.073593,-0.373547,-0.119432
0.002058,-0.592693,-0.223814
0.032488,-0.186653,-0.056251
-0.042846,0.446863,0.200177
-0.030381,0.304438,0.066168
-0.062934,0.569346,0.228872
-0.056145,0.458590,0.160761
-0.098140,0.349113,0.088347
-0.071840,0.598941,0.213163
0.014279,-0.053069,-0.016107
0.063928,-0.614229,-0.191900
0.087736,-0.039583,-0.012987
-0.045523,0.584114,0.236474
-0.030452,0.109805,0.035800
0.023034,-0.148842,-0.052887
0.011945,-0.433675,-0.135090
-0.044499,0.424335,0.165500
-0.018839,0.868580,0.306371
0.018658,0.039345,0.029383
0.064834,-0.247961,-0.077255
-0.072865,0.270583,0.093805
0.075333,-0.043144,-0.033717
-0.068559,0.716374,0.260902
-0.014813,0.055493,0.010491
-0.052121,0.472363,0.169827
0.076821,-0.056245,-0.040201
0.069885,-0.046730,-0.003557
0.057194,-0.881330,-0.272090
0.071410,-0.341687,-0.133469
-0.087608,0.338798,0.126406
-0.018289,0.096721,0.000217
0.000299,0.085792,0.046800
0.054186,-0.467526,-0.183013
0.018630,0.168570,0.056290
0.024068,-0.809989,-0.291790
-0.061278,0.276516,0.107180
-0.038412,0.258347,0.046234
-0.037264,0.170404,0.022299
0.018675,-0.170004,-0.070587
0.051043,-0.851217,-0.288881
-0.026646,0.208764,0.034511
-0.034754,0.338781,0.126823
0.017302,-0.924047,-0.304397
-0.007248,-0.895101,-0.285843
-0.009901,0.149986,0.068921
-0.033290,0.155695,0.065362
-0.042925,0.155705,0.033728
0.027480,-0.113035,-0.031051
-0.114085,0.383707,0.137430
0.059580,-0.634339,-0.207575
0.034449,-0.603651,-0.177136
-0.073550,0.261295,0.065100
0.016897,0.138831,0.062081
0.061739,-0.723524,-0.241646
-0.105013,0.375863,0.157926
0.028798,0.067815,-0.013647
0.005787,-0.529069,-0.210505
-0.008766,0.262433,0.061574
-0.021688,0.112742,0.005848
-0.020881,0.218147,0.039660
0.044705,-0.332557,-0.160704
0.017038,-0.444669,-0.133881
0.029810,-0.150773,-0.093242
-0.027946,0.298794,0.116367
-0.013970,0.287781,0.069531
-0.080425,0.293899,0.076262
0.052184,-0.160024,-0.093062
0.004072,-0.426913,-0.149683
0.002159,-0.539849,-0.205117
0.033236,-0.525664,-0.211955
0.039107,-0.567615,-0.166672
-0.000302,-0.582377,-0.197160
0.022057,-0.102696,-0.033020
-0.075062,0.549768,0.210251
-0.072102,0.623571,0.221765
0.010594,-0.457301,-0.190935
0.044648,-0.309831,-0.152069
0.059056,0.030099,-0.011267
0.017755,-0.199742,-0.091674
-0.013942,-0.765353,-0.270421
-0.038878,0.452880,0.182587
0.013823,-0.525968,-0.162478
0.049412,-0.203282,-0.058123
0.024678,-0.235299,-0.117907
-0.006117,0.137645,0.008868
-0.065193,0.227526,0.056752
-0.111940,0.393033,0.111682
-0.042573,0.438680,0.174485
-0.072326,0.255995,0.081251
0.018811,0.074270,-0.013990
-0.021323,0.108246,0.048291
0.030266,-0.928426,-0.306626
0.001536,-0.520094,-0.182334
-0.069395,0.578804,0.224875
0.020276,-0.139879,-0.075067
0.014288,-0.544627,-0.167299
0.019842,0.132745,0.016758
-0.094792,0.397802,0.101185
-0.044978,0.431187,0.189803
-0.050441,0.447293,0.161093
0.024883,-0.218818,-0.112836
-0.019598,0.233836,0.096388
-0.000014,0.222308,0.051596
0.008811,-0.587752,-0.183896
0.019080,-0.247706,-0.106637
0.051705,-0.549014,-0.185311
0.077662,-0.072151,-0.005235
0.056294,-0.560812,-0.182375
-0.019445,0.244379,0.048686
0.030626,-0.413723,-0.119321
0.030733,0.113952,0.024811
0.031087,-0.727627,-0.212597
-0.046387,0.600300,0.241595
0.016115,-0.599826,-0.181150
-0.019655,0.825262,0.274795
-0.077224,0.316414,0.068168
0.017267,-0.078618,-0.048414
0.074130,-0.414240,-0.134636
0.015402,0.157440,0.022520
-0.066274,0.429598,0.143354
-0.050573,0.389562,0.170237
-0.019654,0.200689,0.080038
0.023928,-0.129258,-0.078371
0.043918,-0.241123,-0.127073
0.019828,-0.138333,-0.056868
-0.010743,0.255260,0.092800
-0.000015,-0.911481,-0.289144
-0.053790,0.204189,0.074585
-0.013363,-0.794183,-0.262207
-0.025005,0.234627,0.043243
0.006056,0.207215,0.045912
0.008828,-0.569069,-0.180135
0.014365,-0.665358,-0.259501
-0.059605,0.210483,0.051751
-0.066572,0.491924,0.226890
-0.021663,0.597861,0.217076
-0.023543,0.176498,0.018195
0.025235,-0.191809,-0.063752
-0.020430,0.084943,0.003030
0.027233,-0.885223,-0.297168
0.032783,-0.241001,-0.072672
0.007902,0.089871,-0.011476
0.003506,-0.557010,-0.183931
-0.007012,-0.866404,-0.291160
0.020807,-0.070879,-0.016360
-0.008051,0.052023,0.025208
-0.071093,0.476471,0.226907
-0.065979,0.591949,0.204314
-0.057360,0.234141,0.044414
-0.025704,0.607986,0.211960
-0.052882,0.785541,0.274846
-0.086924,0.319217,0.102511
-0.057709,0.379518,0.168733
-0.098391,0.465632,0.191844
0.069112,-0.255720,-0.085269
-0.045731,0.416036,0.179774
0.030559,-0.381368,-0.110041
0.061775,-0.887360,-0.281728
0.030431,-0.241649,-0.126076
-0.083401,0.309570,0.081785
-0.060846,0.251247,0.047848
0.023979,-0.145213,-0.084929
-0.046270,0.863382,0.273843
0.055637,-0.274669,-0.084603
0.019417,-0.223612,-0.098410
0.029789,-0.557496,-0.163903
0.054866,-0.218615,-0.109262
-0.025457,0.123954,0.054098
0.003567,-0.431023,-0.161712
0.058691,-0.225254,-0.064762
-0.045199,0.464416,0.216341
0.046289,0.081459,0.009081
0.033150,-0.090385,-0.015222
0.040039,-0.099701,-0.016669
-0.072592,0.572773,0.214904
0.033405,-0.106875,-0.023303
-0.058870,0.235874,0.090035
-0.030039,0.585708,0.233901
0.025899,0.144894,0.049716
0.035966,-0.837507,-0.292607
0.069416,0.010514,-0.026558
-0.102835,0.483079,0.202610
0.078391,-0.369424,-0.137688
0.079034,-0.003710,-0.001123
0.050055,-0.785476,-0.267301
-0.014499,0.270502,0.097638
0.010100,-0.448557,-0.143975
0.021701,-0.086472,-0.025722
-0.039775,0.204122,0.083674
-0.057973,0.671264,0.257818
0.032839,-0.257098,-0.080635
-0.055343,0.697775,0.266320
-0.067872,0.238817,0.077137
-0.069131,0.244583,0.061165
0.026759,-0.465161,-0.205057
-0.094230,0.475643,0.221964
-0.067846,0.372235,0.085228
0.047084,-0.708396,-0.257219
0.023778,-0.091879,-0.062074
0.027784,-0.763622,-0.280408
-0.004916,0.231012,0.085720
-0.096025,0.458343,0.204240
-0.003444,-0.748580,-0.282480
0.027989,-0.486351,-0.141224
-0.118877,0.382850,0.109761
0.017699,-0.631368,-0.189417
0.002867,0.110963,0.052129
-0.102871,0.422836,0.175530
-0.034421,0.843823,0.298842
0.000962,0.229256,0.061078
-0.038276,0.514343,0.221784
0.022241,-0.213197,-0.078053
0.089796,-0.102119,-0.037431
-0.052742,0.217758,0.039496
-0.072844,0.542465,0.199958
-0.045535,0.616683,0.246586
0.060855,-0.898889,-0.278811
0.046244,-0.876096,-0.293755
0.065444,-0.078966,-0.053720
-0.019437,0.820449,0.292237
-0.048550,0.723855,0.245897
0.000770,0.176131,0.078442
0.034508,-0.490911,-0.203354
-0.019281,0.159859,0.013084
-0.045130,0.534335,0.227483
-0.019765,0.836463,0.294053
-0.066853,0.699540,0.253584
-0.022450,0.889488,0.303342
0.060685,-0.595862,-0.184690
0.053930,-0.377113,-0.107498
0.052296,-0.576327,-0.207128
0.065883,-0.178441,-0.090399
0.000731,0.225523,0.076362
0.018831,-0.112563,-0.054128
0.058639,-0.668873,-0.218925
0.046826,-0.167861,-0.044280
0.012884,-0.489018,-0.206049
-0.053721,0.244420,0.095285
0.004972,-0.475002,-0.163379
-0.072369,0.300700,0.063769
-0.022586,0.614585,0.221504
0.032314,-0.201370,-0.061876
-0.020285,0.773908,0.274417
0.027723,-0.947730,-0.295794
0.021273,0.032084,-0.030028
0.037554,-0.209464,-0.119183
-0.052649,0.364271,0.087336
0.043634,-0.258285,-0.132766
0.009613,-0.947160,-0.282581
0.058184,-0.210208,-0.061215
-0.042560,0.262644,0.103022
0.079739,-0.077639,-0.049683
0.011222,0.061510,0.038636
0.048604,-0.509432,-0.191255
-0.056098,0.427442,0.196213
0.009343,-0.553126,-0.222340
0.056747,-0.108407,-0.061131
-0.034717,0.674463,0.257626
-0.041675,0.712874,0.247761
0.056400,-0.188678,-0.053772
0.036805,0.034076,-0.024543
0.015325,0.023231,-0.035212
-0.035272,0.891487,0.297559
0.007284,-0.452394,-0.155008
0.040579,-0.116246,-0.024385
-0.025311,0.541823,0.226363
0.041755,-0.679478,-0.204061
0.030440,-0.104037,-0.074376
0.037127,-0.142268,-0.090840
-0.068376,0.531611,0.223705
0.005466,-0.489099,-0.167980
0.073224,-0.118648,-0.033717
0.038653,0.099650,0.031974
-0.021313,0.132749,0.006095
-0.059644,0.384098,0.094492
-0.067302,0.649773,0.221735
0.042557,-0.557871,-0.215366
-0.025625,0.149078,0.011192
0.002713,-0.711541,-0.271931
0.072554,-0.363205,-0.115094
0.073093,-0.221604,-0.072900
0.078826,-0.061351,-0.003035
0.055468,-0.079488,-0.008215
0.007244,-0.637601,-0.201623
-0.068503,0.738707,0.262235
-0.033658,0.700937,0.265779
-0.044077,0.761105,0.285830
0.041131,-0.209948,-0.061133
0.044450,-0.104170,-0.073611
-0.031224,0.602568,0.236702
0.049371,-0.671682,-0.205798
0.087085,-0.046661,-0.021424
0.051127,-0.530182,-0.181205
0.067088,-0.260889,-0.098294
0.043886,-0.082101,-0.064102
0.008695,-0.506680,-0.164890
-0.034019,0.693467,0.246453
-0.037967,0.278959,0.112146
0.006152,-0.513103,-0.204865
0.006341,-0.684739,-0.219329
-0.107854,0.398364,0.123179
-0.011553,-0.846557,-0.293829
-0.080417,0.521069,0.203599
0.027133,-0.002353,-0.046829
-0.046666,0.681038,0.233614
0.014641,-0.645755,-0.257260
-0.071602,0.465441,0.223573
-0.024197,0.250465,0.101301
-0.083825,0.461547,0.226426
0.042977,-0.046740,-0.050963
-0.036636,0.576275,0.233024
0.043957,-0.127018,-0.082026
-0.065874,0.347774,0.148885
-0.014110,0.141031,0.064430
0.011611,-0.504150,-0.208627
0.082082,-0.037350,-0.026920
0.016340,-0.844896,-0.294887
0.047875,0.006004,0.013208
-0.031036,0.717682,0.272306
-0.077307,0.535314,0.207493
0.024954,-0.694106,-0.204846
0.057396,-0.129119,-0.071956
-0.044248,0.732926,0.279754
-0.097012,0.369556,0.161525
0.009648,-0.721807,-0.280216
0.001581,-0.619510,-0.238183
0.048549,-0.801547,-0.286701
-0.024916,0.594976,0.231833
0.036093,-0.011359,-0.046868
0.045740,-0.016548,0.016709
0.055068,-0.185252,-0.100819
0.043258,-0.433652,-0.198934
-0.000738,-0.621762,-0.208973
0.075275,-0.331218,-0.113968
-0.054545,0.342585,0.143038
0.072660,-0.389643,-0.125831
0.069661,-0.169961,-0.084949
0.076153,0.015179,-0.012402
0.053528,-0.117090,-0.023720
0.030148,-0.462572,-0.138577
-0.049754,0.406186,0.178288
0.078634,-0.381734,-0.141789
0.071006,-0.388530,-0.156477
0.058103,-0.744356,-0.249239
0.046368,-0.470963,-0.143536
0.075932,-0.143802,-0.055221
-0.041472,0.763709,0.256451
-0.020301,0.555239,0.200028
0.055862,-0.621558,-0.187374
-0.031472,0.731439,0.258650
-0.073357,0.387572,0.093352
0.056938,-0.144427,-0.080375
0.013932,-0.812911,-0.293297
-0.005318,0.132075,0.064070
-0.004883,-0.704682,-0.263269
-0.102559,0.412560,0.143023
0.056403,0.030500,0.007448
-0.034782,0.717177,0.255014
0.034929,-0.538352,-0.156402
0.072342,-0.095512,-0.058283
0.032071,-0.949167,-0.280632
0.006211,-0.660137,-0.211011
0.006237,-0.685183,-0.260846
-0.025156,0.577574,0.229146
0.040419,-0.081747,-0.007515
0.015116,-0.604651,-0.241497
-0.031079,0.473555,0.201161
0.041582,-0.191142,-0.112970
-0.095005,0.495731,0.220788
-0.057245,0.766521,0.262958
-0.022264,0.225166,0.090959
-0.107611,0.398531,0.163817
0.058739,-0.480299,-0.156431
-0.013238,-0.825249,-0.291975
-0.067843,0.665886,0.227505
-0.042581,0.295446,0.116838
0.031166,-0.616201,-0.242207
0.042266,-0.847287,-0.253206
-0.018828,0.520979,0.214230
0.060915,-0.708282,-0.240246
0.070732,-0.108307,-0.024764
-0.062931,0.724213,0.271920
0.055666,-0.789478,-0.256030
-0.048330,0.350027,0.148043
0.039324,-0.544944,-0.216851
0.079199,-0.187180,-0.082099
-0.053694,0.794858,0.263486
0.044767,-0.604635,-0.178863
0.066284,-0.231497,-0.069718
-0.016882,0.209107,0.085660
-0.086580,0.377664,0.170830
0.003445,-0.824480,-0.295454
-0.083818,0.349772,0.141596
0.062625,-0.008315,0.004862
0.025476,0.067590,0.033972
0.027622,0.120478,0.040934
0.042971,0.083624,0.030814
0.044163,-0.367119,-0.102499
0.060006,-0.870320,-0.277136
0.035878,-0.618976,-0.181942
-0.006951,-0.752845,-0.232642
0.015707,-0.458297,-0.143296
-0.068412,0.683102,0.234253
-0.035863,0.820402,0.295624
-0.058736,0.391704,0.102028
-0.003582,0.167388,0.074766
0.061598,-0.737953,-0.241856
0.039255,-0.618694,-0.236205
0.067487,-0.163952,-0.052306
-0.018501,0.784786,0.277259
0.063946,-0.089222,-0.053915
-0.067749,0.400411,0.108955
0.008069,0.118704,0.056558
0.062412,-0.345534,-0.102001
0.055973,-0.653523,-0.213654
0.047427,-0.542834,-0.198095
0.057785,-0.884194,-0.291902
-0.001630,-0.604899,-0.221311
-0.058324,0.731756,0.247348
0.076156,-0.348665,-0.117707
0.041031,-0.648746,-0.193487
0.012187,-0.403163,-0.170398
-0.004338,-0.637068,-0.226636
0.062629,-0.203120,-0.094046
0.082552,0.007047,-0.014459
-0.006425,-0.773063,-0.236750
0.053360,-0.740738,-0.226804
-0.030757,0.773481,0.252128
0.016100,-0.345856,-0.118808
0.018811,0.082026,0.040056
0.011052,-0.863214,-0.295082
-0.034255,0.861489,0.275288
-0.074757,0.369300,0.167087
-0.010662,0.193142,0.080016
0.026086,-0.475566,-0.139541
0.011234,-0.418498,-0.175788
0.058050,-0.617230,-0.220094
-0.025806,0.641426,0.237731
0.006012,-0.845417,-0.295779
-0.000208,-0.774868,-0.285588
0.018381,-0.675106,-0.204078
0.063837,0.027360,0.001190
0.034164,0.018695,0.019893
0.020248,-0.910981,-0.303713
-0.023714,0.633649,0.220373
0.031091,-0.402238,-0.191420
0.057446,-0.804781,-0.262152
0.004064,-0.739296,-0.286666
0.047944,-0.656436,-0.200377
-0.020574,0.175178,0.073963
0.063111,-0.220579,-0.093781
0.072829,-0.185805,-0.090820
0.026231,-0.559934,-0.231127
0.063569,-0.366530,-0.108365
0.031987,-0.055534,0.004050
0.017605,-0.494999,-0.149722
0.043856,-0.061129,-0.056711
0.060871,-0.089610,-0.013986
0.054332,-0.367738,-0.103787
-0.094760,0.388035,0.173411
-0.028883,0.868499,0.307297
0.052132,-0.051753,0.005426
0.014011,-0.472393,-0.148732
0.066672,-0.427750,-0.145726
-0.051294,0.318204,0.123290
-0.000383,-0.576407,-0.211616
0.017634,-0.359825,-0.160307
0.028227,-0.900594,-0.301808
-0.047218,0.497966,0.221905
0.008786,-0.895199,-0.260486
0.038092,-0.588353,-0.227187
-0.078909,0.482607,0.182262
-0.004724,-0.656239,-0.233005
0.040732,-0.608295,-0.232988
-0.005708,-0.831839,-0.257001
0.063184,-0.127729,-0.028128
0.047805,-0.415223,-0.122748
-0.056348,0.404656,0.117628
-0.024609,0.648102,0.227430
0.053549,-0.595528,-0.216775
-0.055122,0.764625,0.276574
0.029676,-0.645547,-0.250747
-0.104162,0.384479,0.164098
0.056432,-0.852564,-0.267704
-0.098441,0.483884,0.217576
0.026027,-0.056978,-0.055890
0.054859,-0.463359,-0.141231
-0.053543,0.362623,0.160097
0.001201,-0.639660,-0.244746
0.082475,-0.021197,-0.024954
0.032561,-0.679947,-0.260989
0.016056,-0.876787,-0.256274
-0.047615,0.395509,0.114397
0.045881,-0.813919,-0.247741
0.041327,-0.063278,0.002415
-0.038306,0.463921,0.208057
0.041898,-0.454933,-0.194137
0.013971,-0.561349,-0.227443
0.015019,-0.698786,-0.272275
0.022453,-0.707884,-0.277706
0.039620,-0.690172,-0.258891
0.016832,-0.542934,-0.226436
0.014600,-0.835212,-0.294735
0.035719,-0.500419,-0.145817
-0.001410,-0.569391,-0.202435
-0.012957,-0.748416,-0.267204
0.068178,-0.613268,-0.201652
0.062063,-0.048937,0.001972
-0.003088,-0.627492,-0.222516
0.071693,-0.137184,-0.043246
0.029580,-0.001528,0.020037
-0.094629,0.358075,0.145334
-0.020690,0.880084,0.301237
-0.005899,-0.682383,-0.240861
-0.005679,-0.815416,-0.252818
-0.037998,0.492943,0.220836
-0.069820,0.474256,0.173988
0.059342,-0.401928,-0.172936
0.024829,-0.422604,-0.192494
-0.061709,0.710050,0.236799
0.001142,-0.668348,-0.251993
-0.101684,0.434132,0.191714
-0.116107,0.365629,0.118125
0.084303,-0.210462,-0.087095
0.042155,-0.007228,0.018172
0.013179,-0.339741,-0.137473
0.036631,-0.884870,-0.256834
0.039434,-0.534495,-0.209867
0.058296,-0.021007,0.009712
0.060277,-0.446596,-0.132819
0.040794,-0.743757,-0.265045
0.028383,-0.894906,-0.256595
0.017365,-0.330149,-0.114374
0.020291,-0.728892,-0.279548
0.066779,-0.603237,-0.207372
-0.053595,0.803635,0.274018
-0.016422,-0.826538,-0.282892
0.023218,-0.014069,0.018954
0.013953,-0.345367,-0.148588
0.005227,-0.012464,-0.031041
-0.057328,0.272517,0.047492
0.063451,-0.240640,-0.099379
0.036614,-0.160792,-0.044756
0.019226,0.107899,0.000847
-0.048083,0.355053,0.085176
0.033233,-0.384478,-0.182896
-0.054296,0.559981,0.230153
-0.035255,0.364907,0.100232
0.052855,-0.810658,-0.253747
-0.028847,0.659030,0.246618
0.036426,-0.637675,-0.241984
-0.051289,0.823144,0.281140
-0.088602,0.480934,0.187113
-0.040739,0.398480,0.128614
0.059693,-0.108090,-0.020774
0.010765,-0.818386,-0.243225
0.050786,-0.003172,0.013039
-0.049969,0.855086,0.270657
0.066960,0.003679,-0.000112
0.064803,-0.593550,-0.201052
-0.105243,0.356933,0.125858
0.052731,-0.596240,-0.179312
0.002387,-0.013271,-0.002417
-0.048092,0.737355,0.254341
0.022664,-0.047278,0.002329
0.011772,-0.938139,-0.299868
-0.000038,0.066827,0.041259
0.051385,-0.912096,-0.268147
0.008387,-0.358081,-0.132832
-0.003051,0.005887,-0.005367
0.043318,-0.217119,-0.118858
-0.049075,0.408289,0.129080
0.040373,-0.904006,-0.259963
0.036105,-0.020212,0.017961
-0.042749,0.484657,0.221573
-0.034648,0.188456,0.078672
0.047465,0.046006,0.015848
-0.055355,0.813048,0.274219
-0.002205,-0.686853,-0.256442
0.082511,-0.003568,-0.025267
0.046958,-0.559335,-0.205254
-0.008996,-0.856690,-0.268447
0.008430,-0.794308,-0.231715
-0.066360,0.387190,0.174278
-0.014689,-0.760303,-0.249993
0.043394,-0.865025,-0.257073
0.053957,-0.796760,-0.278227
0.053164,-0.436641,-0.186597
-0.085593,0.385782,0.175963
-0.030651,0.491050,0.214511
-0.032722,0.510389,0.186547
-0.029621,0.761823,0.280732
-0.045974,0.374189,0.095957
0.046584,-0.691037,-0.251541
0.009642,-0.704340,-0.217383
-0.093683,0.414846,0.139141
0.060862,-0.425575,-0.164787
-0.040801,0.454996,0.204693
0.008524,-0.472724,-0.196416
-0.016910,0.803749,0.283468
-0.028233,0.681775,0.247587
0.013273,-0.723233,-0.216095
0.035392,-0.355719,-0.100242
0.043891,-0.665457,-0.241240
0.045461,-0.883888,-0.260194
-0.035694,0.644549,0.248885
-0.033078,0.481955,0.212721
0.008598,-0.370188,-0.127485
0.078973,-0.220314,-0.080231
0.050348,-0.534242,-0.166907
-0.064313,0.418406,0.193493
0.069458,-0.343488,-0.108003
-0.028757,0.353661,0.104350
0.062856,-0.356230,-0.104378
0.048969,-0.609000,-0.226594
-0.024932,0.727587,0.268309
0.025128,-0.835556,-0.293604
-0.035660,0.347995,0.086371
-0.002082,0.000615,-0.017117
0.055789,-0.291601,-0.087491
0.028140,-0.343778,-0.101613
0.061066,-0.382580,-0.173703
-0.023927,0.282038,0.110349
-0.020080,0.082512,0.036797
0.044927,-0.357126,-0.099374
-0.102674,0.348694,0.115281
-0.049955,0.842017,0.281807
-0.086873,0.471806,0.182342
-0.007001,-0.715129,-0.233432
0.014465,0.123944,0.009971
0.007411,-0.383813,-0.144170
0.013988,-0.761678,-0.286473
-0.040257,0.783278,0.251960
-0.040425,0.642610,0.217384
-0.040795,0.337704,0.079488
-0.021220,0.754169,0.267621
0.062847,-0.605545,-0.188455
0.045827,-0.500912,-0.195936
0.044892,-0.292170,-0.146188
0.069754,-0.333675,-0.106768
-0.028272,0.482497,0.203664
0.036865,-0.326354,-0.095593
-0.022934,0.560603,0.225637
0.063216,-0.394022,-0.169537
0.052472,-0.201674,-0.107791
-0.013478,-0.797545,-0.284006
-0.049365,0.523176,0.187150
-0.030447,0.859632,0.304626
0.047528,-0.395497,-0.185821
-0.030659,0.488769,0.186506
-0.043494,0.753800,0.257556
0.032147,-0.191451,-0.113215
-0.019734,0.534461,0.198198
0.039338,0.041504,0.019303
-0.050615,0.825784,0.262128
-0.039251,0.356969,0.089682
-0.002822,0.068818,-0.015815
-0.077559,0.491871,0.185020
0.085969,-0.001742,-0.016187
0.077781,-0.125611,-0.054532
0.060898,-0.029608,0.007067
0.034752,0.075391,-0.006570
0.040457,-0.030992,-0.046507
-0.033955,0.750840,0.256715
0.066372,-0.017079,0.003292
-0.012039,-0.728968,-0.264876
0.005089,-0.913180,-0.269486
-0.015184,-0.837865,-0.275448
0.036931,-0.398858,-0.117509
0.058414,-0.048660,-0.043254
0.055819,-0.917337,-0.281282
-0.063241,0.449680,0.212935
0.035431,-0.875522,-0.255983
0.060598,-0.413444,-0.169328
-0.012165,-0.731862,-0.246619
0.044238,-0.630988,-0.232133
-0.014222,-0.750616,-0.248364
0.062552,-0.162002,-0.084775
-0.028113,0.711153,0.265201
0.007494,-0.768982,-0.286149
0.003369,-0.614729,-0.197326
-0.062384,0.689833,0.257722
0.029821,-0.825427,-0.243513
0.039170,-0.681394,-0.254571
0.056017,-0.438505,-0.177916
0.042555,-0.019415,-0.038059
-0.016816,0.304360,0.076209
0.010649,-0.904332,-0.262002
-0.035156,0.321034,0.073094
0.000373,0.214866,0.080339
0.062721,-0.374312,-0.169537
0.045573,-0.432586,-0.124947
0.069489,-0.325279,-0.127854
-0.063338,0.434588,0.201987
0.036403,-0.509424,-0.148101
0.017367,-0.748769,-0.219032
-0.114296,0.395535,0.147980
-0.041517,0.512700,0.184612
-0.109014,0.411130,0.149557
0.043129,-0.595877,-0.176216
0.047442,-0.893475,-0.262070
-0.081066,0.398209,0.103097
-0.015845,-0.836403,-0.285122
-0.043193,0.812786,0.289357
0.073377,-0.278949,-0.101027
-0.040112,0.521737,0.187243
-0.026776,0.546138,0.194264
0.025955,-0.801555,-0.233824
0.029683,-0.718183,-0.273741
0.032778,-0.596938,-0.235098
0.066540,-0.415867,-0.128906
0.076609,-0.173011,-0.073821
0.044288,-0.496933,-0.145182
0.032267,-0.585674,-0.172164
0.067546,-0.377868,-0.161486
0.026986,-0.885521,-0.255699
-0.044762,0.859208,0.286943
0.005764,-0.867715,-0.257652
0.053637,-0.624877,-0.222899
0.047348,-0.597715,-0.223772
0.031406,-0.912969,-0.261514
0.041685,-0.045413,0.009184
0.014384,0.189502,0.045503
-0.103033,0.359329,0.134546
0.045950,0.010424,-0.023383
0.056408,-0.371132,-0.175509
0.027415,0.138526,0.039070
0.001209,0.195389,0.080586
-0.081344,0.417823,0.196084
-0.047493,0.382132,0.100442
0.006540,-0.435990,-0.173206
-0.002328,-0.866948,-0.262258
-0.013286,-0.741094,-0.247621
0.066797,-0.308193,-0.122566
-0.030304,0.476281,0.191811
0.030405,-0.736575,-0.273518
0.049091,-0.025286,0.013833
-0.019669,0.811083,0.292401
0.056425,-0.695914,-0.218615
-0.014220,0.296891,0.101540
-0.033027,0.480096,0.183551
0.043039,-0.376315,-0.105753
0.089631,-0.058337,-0.013586
-0.056821,0.549444,0.192750
0.029674,-0.626038,-0.245666
0.059964,-0.021436,-0.027811
0.011997,-0.007122,0.016159
0.012524,-0.381946,-0.123658
0.044447,-0.274987,-0.139042
-0.029709,0.325768,0.119331
0.002464,-0.015756,-0.022888
0.028317,-0.750072,-0.277789
-0.052786,0.343887,0.079093
-0.065913,0.654050,0.247730
0.067299,-0.408448,-0.155857
0.019210,-0.005563,-0.043079
-0.000155,-0.550755,-0.198718
-0.104410,0.368737,0.150359
0.007434,-0.885984,-0.259791
-0.014329,-0.740277,-0.257001
-0.096136,0.362285,0.153378
-0.006922,0.184928,0.078220
-0.015985,0.531295,0.215704
0.052223,-0.042475,0.008083
0.042453,-0.473947,-0.197263
-0.015453,-0.767212,-0.261542
-0.066198,0.533955,0.192564
-0.034869,0.634849,0.246214
0.039782,-0.790933,-0.234352
0.052368,-0.683159,-0.240339
0.088881,-0.048849,-0.012678
0.084935,-0.087737,-0.048339
-0.002775,0.011990,0.005816
0.039613,-0.894268,-0.298533
0.031053,-0.173522,-0.106669
-0.052281,0.467443,0.221448
0.056271,-0.424726,-0.125474
0.036566,-0.646683,-0.244201
-0.099219,0.494132,0.201260
-0.047823,0.697568,0.239258
0.044198,-0.634664,-0.187155
-0.110475,0.378553,0.147284
0.053989,-0.775130,-0.249173
0.021260,0.124260,0.053156
-0.102234,0.392170,0.169187
-0.052988,0.477846,0.223103
0.056754,-0.760674,-0.241048
0.028067,-0.065923,-0.059893
0.007763,-0.380881,-0.153054
0.002004,0.051992,-0.021840
0.035063,-0.439799,-0.127303
0.023814,-0.269187,-0.129369
-0.048316,0.803447,0.282278
-0.054964,0.723622,0.276400
0.050123,-0.633983,-0.225260
-0.092867,0.395551,0.178882
-0.044631,0.633066,0.250257
-0.001008,-0.717114,-0.226805
0.061777,-0.009444,-0.023651
-0.014626,0.543388,0.207150
-0.072137,0.640134,0.226497
-0.075098,0.393407,0.181385
-0.002950,-0.632922,-0.234668
0.017104,-0.885843,-0.256988
0.020202,-0.004744,0.019843
-0.032212,0.617532,0.210372
-0.038997,0.139659,0.028158
-0.018780,0.522522,0.205222
0.019965,-0.904305,-0.259043
-0.044948,0.495453,0.178781
0.039080,-0.708362,-0.265348
-0.072529,0.272977,0.060023
0.035635,-0.750528,-0.219703
-0.045922,0.724069,0.278204
-0.046554,0.327515,0.073394
0.022820,-0.314541,-0.102832
0.074990,0.015027,-0.003354
-0.066119,0.394941,0.179083
-0.008349,-0.865894,-0.269119
-0.029288,0.528145,0.191609
-0.060040,0.515501,0.186716
-0.049172,0.774919,0.257556
0.007357,-0.626477,-0.248171
-0.038910,0.843644,0.264262
0.002871,-0.814139,-0.295148
0.022042,-0.446973,-0.200140
-0.015383,-0.758432,-0.259067
0.045015,-0.201063,-0.113581
-0.094473,0.445558,0.205588
0.019417,-0.059787,-0.048784
-0.028618,0.695226,0.258769
