-0.417931,-0.160795,0.451310
0.272985,0.083900,-0.655888
0.285283,0.449098,0.595804
-0.195978,-0.144986,-0.201257
0.336171,0.144910,0.028271
-0.411284,-0.134942,0.900865
0.217905,0.053506,-0.299472
-0.378881,-0.134207,0.097816
0.325583,0.217035,0.356075
0.004940,-0.091139,-0.383244
-0.362314,-0.150019,0.675367
0.185914,-0.040617,-0.498182
0.271327,0.159064,-0.150445
0.279778,0.385176,0.420855
-0.343335,-0.132480,0.283676
-0.238228,-0.142815,-0.024733
0.282230,0.196421,0.186324
0.224580,0.121829,-0.458051
-0.038745,-0.109981,-0.226748
0.160638,0.073870,-0.577236
0.095201,0.005321,-0.409042
0.285313,0.041240,-0.538537
-0.395588,-0.176504,0.789798
0.264263,0.022454,-0.406156
-0.358025,-0.153438,0.553552
0.261314,0.103014,-0.048224
0.299065,0.082316,-0.227297
0.251980,0.300225,0.352792
0.220213,-0.003735,-0.619296
-0.341384,-0.147473,0.000636
-0.377862,-0.176905,0.192648
0.254124,0.382993,0.522386
-0.239520,-0.182754,-0.118390
-0.399687,-0.179846,0.352231
0.333439,0.130933,0.126799
0.352035,0.213858,0.260655
0.023929,-0.059139,-0.291882
0.088876,-0.087815,-0.439293
-0.068541,-0.105099,-0.316364
0.250454,0.111064,-0.368850
-0.163390,-0.130390,-0.114617
-0.127170,-0.089467,-0.242461
0.245195,0.118821,-0.576485
-0.293010,-0.152613,0.076916
0.172366,0.052020,-0.478976
0.271033,0.176532,0.080025
-0.109025,-0.154901,-0.184983
0.093536,-0.062024,-0.353874
0.302483,0.082048,-0.124998
0.296272,0.294941,0.427184
-0.421564,-0.160166,0.614066
0.229770,0.123578,-0.250876
0.188545,0.068279,-0.654540
0.151288,-0.007640,-0.572073
-0.355793,-0.133062,0.405904
-0.322173,-0.128478,0.154931
0.193413,0.058121,-0.394340
0.108577,-0.020469,-0.491709
0.279659,0.230235,0.290035
-0.252726,-0.107915,-0.095067
0.237212,0.089362,-0.168784
0.291944,0.066685,-0.320930
0.298820,0.169050,-0.035317
0.283999,0.073189,-0.462596
-0.373755,-0.118228,0.835006
-0.400901,-0.122436,0.735689
0.155944,-0.037129,-0.426916
0.261928,0.118387,0.025994
-0.373733,-0.106023,0.218436
0.033483,-0.016497,-0.372601
0.009707,-0.128233,-0.318613
-0.090943,-0.150976,-0.263879
-0.351262,-0.154936,0.480678
-0.296553,-0.159985,-0.064440
0.319895,0.287353,0.335567
-0.422842,-0.149906,0.524484
0.244408,0.017109,-0.480174
-0.146364,-0.095714,-0.174852
-0.284849,-0.109220,0.015797
0.347444,0.173796,0.203950
0.191993,0.101810,-0.521868
0.280807,0.034639,-0.608936
-0.402060,-0.160492,0.263651
0.309994,0.377937,0.481355
0.326216,0.131098,-0.085342
-0.024337,-0.050396,-0.337725
0.232587,-0.015751,-0.554560
0.332563,0.196592,0.142294
0.223911,0.123388,-0.637842
-0.067331,-0.064014,-0.262191
-0.380447,-0.119239,0.344543
0.291413,0.182489,0.249038
-0.214745,-0.104428,-0.146279
0.236596,0.122634,-0.111715
-0.331218,-0.103945,0.062963
0.264614,0.108606,-0.511435
0.266551,0.238776,0.355702
-0.175439,-0.181763,-0.148773
0.317625,0.104765,-0.015457
0.274388,0.152507,0.143001
-0.201788,-0.157974,-0.074242
0.281981,0.437393,0.529861
-0.395616,-0.123308,0.163839
0.332203,0.178020,0.084093
0.273611,0.140428,-0.211822
0.228063,0.119461,-0.311793
-0.384984,-0.180589,0.726171
-0.364163,-0.140136,0.613532
0.056572,-0.037480,-0.428283
0.263204,0.343622,0.463358
0.290455,0.341051,0.375573
0.304733,0.116947,0.075395
0.237283,0.024444,-0.348786
0.237345,0.068487,-0.227225
-0.335086,-0.174467,0.114161
-0.284694,-0.168788,0.015997
-0.146582,-0.158915,-0.231363
0.279099,0.111113,-0.281542
-0.333422,-0.152218,0.223356
0.146360,0.035210,-0.531274
-0.350574,-0.168431,0.055320
0.289175,0.076659,-0.397565
-0.373824,-0.188386,0.416447
-0.408356,-0.164410,0.850386
-0.286392,-0.106162,-0.044495
-0.420223,-0.148347,0.675491
0.310328,0.114967,-0.171896
0.123205,0.023809,-0.457565
0.330738,0.183059,0.304647
0.138811,-0.066293,-0.473655
0.161035,0.024889,-0.618690
0.060121,-0.106918,-0.367481
-0.035963,-0.141721,-0.274884
-0.410878,-0.140423,0.391328
-0.086352,-0.097328,-0.199221
-0.403881,-0.123544,0.575081
0.269625,0.163675,-0.083059
-0.345642,-0.161862,0.355621
0.319675,0.345581,0.426684
0.249286,0.028449,-0.653964
0.293197,0.179485,0.024149
0.322259,0.223487,0.212983
0.330676,0.255584,0.289533
0.246556,0.337335,0.408549
-0.362877,-0.133693,0.773556
-0.367258,-0.177425,0.303434
0.263769,0.408707,0.466863
-0.236740,-0.150054,-0.165093
-0.410834,-0.122920,0.795791
0.180540,0.092915,-0.433328
-0.384223,-0.186430,0.516384
0.203830,0.088005,-0.350882
0.275162,0.055632,-0.267191
0.124100,-0.074167,-0.401409
-0.381751,-0.167883,0.138518
0.250728,0.148751,-0.015716
0.312589,0.141874,0.180437
0.209367,0.030423,-0.435930
0.313568,0.262818,0.381336
0.282141,0.086516,-0.602608
-0.410798,-0.179804,0.564746
-0.005084,-0.086492,-0.259181
-0.249130,-0.179298,-0.061568
-0.366089,-0.145273,0.879007
-0.393023,-0.126215,0.487858
0.258569,0.273019,0.395453
-0.029291,-0.107655,-0.348794
0.198679,0.108707,-0.592927
0.052743,-0.091329,-0.315795
-0.312108,-0.117622,0.107920
0.183612,-0.010207,-0.459647
0.251144,0.104759,-0.420465
-0.358430,-0.105081,0.131758
-0.386952,-0.114884,0.270527
0.139093,-0.033807,-0.527009
-0.386486,-0.183144,0.638409
0.049837,-0.034099,-0.330882
-0.401747,-0.123188,0.638074
0.278206,0.070021,-0.184289
-0.069147,-0.145136,-0.216122
0.283803,0.033391,-0.353921
0.273199,0.270088,0.314767
-0.408135,-0.146274,0.317372
-0.167553,-0.112688,-0.219893
-0.336594,-0.172607,0.161350
0.311070,0.150043,-0.127322
-0.031622,-0.050681,-0.291626
-0.270974,-0.149344,-0.109957
0.039513,-0.082877,-0.413383
0.302806,0.091772,-0.076788
0.282001,0.086113,-0.549726
0.260379,0.034687,-0.309774
-0.386478,-0.128537,0.442414
-0.139593,-0.151766,-0.147495
0.258435,0.007060,-0.523946
0.209821,0.107101,-0.400813
0.309394,0.102408,0.029508
-0.201647,-0.108929,-0.102419
0.087496,-0.013714,-0.452001
-0.105970,-0.101849,-0.280716
0.234858,0.135650,-0.164094
0.291762,0.228599,0.246057
-0.378844,-0.187611,0.465984
0.108808,-0.026026,-0.376361
0.187211,0.102381,-0.476377
0.078632,-0.055003,-0.467475
0.283112,0.193086,0.127107
-0.319486,-0.134247,-0.035596
0.183368,-0.031618,-0.553228
-0.401318,-0.146372,0.214000
0.261848,0.002162,-0.586233
-0.415749,-0.117112,0.861031
-0.222277,-0.121026,-0.058939
-0.367250,-0.160002,0.825546
0.210336,0.093958,-0.281817
-0.303473,-0.172567,-0.022661
-0.418855,-0.158331,0.750678
-0.362549,-0.174388,0.254737
-0.159096,-0.177552,-0.188093
0.192237,0.018538,-0.647271
0.266768,0.086768,-0.098686
0.273494,0.140175,0.101741
-0.337151,-0.117667,0.199143
-0.004679,-0.049828,-0.375194
0.225355,0.113335,-0.210264
0.146152,0.034380,-0.579325
0.191162,-0.015866,-0.591270
0.202410,0.021965,-0.478796
-0.376251,-0.125843,0.527841
0.220703,-0.006927,-0.504720
-0.363828,-0.137368,0.723744
-0.377274,-0.179157,0.589248
0.231689,0.086910,-0.656489
0.344432,0.160147,0.161488
0.219611,0.026903,-0.388445
0.264804,0.110697,-0.328152
-0.413586,-0.176067,0.489495
0.164836,0.072280,-0.530069
0.272760,0.027990,-0.445773
0.294847,0.418528,0.496042
0.275482,0.035507,-0.499008
0.292978,0.391993,0.529840
0.261792,0.140537,0.062921
-0.325653,-0.107360,0.022972
0.349420,0.216917,0.323483
0.178762,0.096234,-0.625675
-0.391640,-0.122660,0.687281
0.023948,-0.118911,-0.354712
0.317366,0.311748,0.378267
0.278225,0.213380,0.327360
0.330948,0.150431,-0.010741
-0.130730,-0.125950,-0.261105
-0.351199,-0.166808,0.442857
-0.192570,-0.181030,-0.113085
0.261033,0.105045,-0.467528
0.132583,-0.006133,-0.414581
-0.114797,-0.120888,-0.165812
0.251875,0.418082,0.503178
-0.369671,-0.186578,0.377363
-0.397047,-0.181834,0.688777
-0.214705,-0.181619,-0.150513
-0.188875,-0.109137,-0.187031
-0.412582,-0.173283,0.412626
0.246406,0.141894,-0.054017
0.093462,-0.092049,-0.384956
-0.344524,-0.120519,0.246514
0.280374,0.101270,-0.004320
-0.350220,-0.126466,0.321431
0.336300,0.143425,0.066829
0.281844,0.074116,-0.512746
0.010289,-0.034449,-0.332128
0.071661,-0.011603,-0.370884
0.026759,-0.102386,-0.289634
0.323796,0.114083,-0.122737
0.210224,0.052134,-0.337046
0.325231,0.172654,0.264043
0.326844,0.135771,-0.047434
0.337225,0.205133,0.179223
-0.357764,-0.135560,0.037301
-0.419955,-0.159550,0.712737
0.232648,0.118063,-0.529495
0.276190,0.126733,-0.247066
-0.291207,-0.117367,0.052240
0.161189,0.019740,-0.453734
-0.028520,-0.131701,-0.319614
-0.386855,-0.108643,0.888974
0.289688,0.078729,-0.359834
-0.050911,-0.072099,-0.321671
-0.066030,-0.077684,-0.227289
0.259261,0.164760,0.018618
-0.321888,-0.177805,0.077410
-0.246893,-0.122305,-0.139590
0.271837,0.074309,-0.144817
-0.367585,-0.105647,0.180746
0.185846,0.097380,-0.558272
0.129858,0.002526,-0.537682
-0.109840,-0.164439,-0.231777
0.138935,0.031773,-0.495114
0.311273,0.171185,0.211515
-0.362536,-0.167085,0.090347
-0.003945,-0.123462,-0.273010
0.232098,0.060738,-0.262922
-0.073844,-0.134072,-0.294245
-0.310041,-0.174690,0.042720
0.256117,0.372235,0.485358
0.124219,-0.077643,-0.437949
-0.259899,-0.172426,-0.024085
0.304907,0.159679,-0.074527
0.283306,0.050951,-0.644185
-0.161862,-0.106933,-0.142359
0.164040,0.063255,-0.621661
0.303349,0.196759,0.097226
0.343062,0.170874,0.119190
0.169681,-0.049305,-0.457953
0.287338,0.062119,-0.576060
-0.263612,-0.139781,0.013717
-0.309316,-0.106989,-0.010348
0.299021,0.186516,0.060104
0.252706,0.114214,-0.611121
-0.251856,-0.111575,-0.035475
-0.129969,-0.087272,-0.206908
-0.344808,-0.109124,0.096302
-0.288065,-0.126008,-0.074147
0.296710,0.083987,-0.265190
0.287799,0.050362,-0.422436
0.299004,0.179560,0.288804
-0.354628,-0.153602,0.518108
-0.306335,-0.152647,0.110486
0.296468,0.127485,0.125604
0.241354,0.094208,-0.132313
0.301888,0.119344,-0.210899
0.255024,0.155991,-0.119639
-0.420872,-0.152526,0.810878
0.217019,0.118863,-0.491780
0.287907,0.298806,0.329248
0.271238,0.063636,-0.218903
0.289327,0.145236,-0.176381
-0.388193,-0.120241,0.306948
-0.353584,-0.132056,0.370761
-0.367340,-0.166299,0.763678
0.051120,-0.010835,-0.407381
-0.385131,-0.120233,0.381645
0.110796,-0.054414,-0.490208
-0.394181,-0.163524,0.885040
0.244752,0.115816,-0.075768
0.219345,0.054031,-0.653102
0.276958,0.172554,-0.009627
-0.343400,-0.171947,0.197670
-0.370162,-0.131987,0.576813
0.272173,0.011737,-0.554501
0.229829,-0.013451,-0.588190
0.295908,0.094844,-0.039397
0.287140,0.433499,0.565864
-0.348826,-0.166060,0.405110
-0.400310,-0.126350,0.241968
0.287588,0.209536,0.216620
0.247694,0.302770,0.406074
0.328070,0.170553,0.047893
0.247227,0.127532,-0.278933
0.205871,0.083898,-0.318015
-0.322122,-0.172655,0.010144
0.336134,0.258005,0.322086
0.257599,0.412873,0.536175
-0.405505,-0.138672,0.353765
-0.423961,-0.149591,0.562907
-0.415556,-0.170713,0.651669
0.027694,-0.038697,-0.396322
0.304054,0.089424,-0.191806
-0.366668,-0.170926,0.700510
0.252114,0.115199,-0.652391
0.304838,0.194422,0.329830
0.218566,0.094043,-0.242280
0.293756,0.398679,0.447180
0.351315,0.200458,0.222391
-0.370506,-0.130763,0.650455
-0.369692,-0.181150,0.339723
0.264007,0.011627,-0.630610
-0.281155,-0.151929,0.043309
-0.381326,-0.172039,0.228573
-0.343731,-0.155562,0.306443
0.184862,0.051133,-0.438727
-0.375150,-0.180681,0.553284
0.277875,0.163788,0.172925
-0.362464,-0.161777,0.638404
-0.399287,-0.186790,0.438587
0.307673,0.210961,0.168082
-0.023771,-0.072578,-0.363161
-0.358145,-0.135983,0.455388
-0.038139,-0.071552,-0.251388
-0.379806,-0.115259,0.796046
0.295874,0.257700,0.289179
0.055889,-0.065394,-0.443414
0.279697,0.316091,0.443977
0.330247,0.258521,0.354765
-0.084797,-0.127258,-0.189089
0.216992,0.110833,-0.564587
0.288350,0.242996,0.378062
0.288321,0.040425,-0.384275
0.251582,0.264699,0.346332
-0.340462,-0.151775,0.259123
-0.397882,-0.172478,0.300483
0.326415,0.128870,0.094064
0.310527,0.350967,0.455765
0.330352,0.116971,0.009742
0.057520,-0.059942,-0.316111
0.310669,0.245272,0.265309
0.202020,0.107063,-0.651891
-0.077111,-0.081413,-0.298842
0.237016,0.018937,-0.429561
0.204713,-0.028507,-0.519224
0.324319,0.122097,0.048728
0.352127,0.231669,0.297006
-0.405291,-0.112691,0.832875
0.308338,0.276102,0.309834
-0.248873,-0.164619,-0.140794
0.223925,0.115539,-0.428264
-0.227110,-0.183983,-0.090811
0.185663,0.085503,-0.404545
-0.093943,-0.072557,-0.237416
-0.172838,-0.158747,-0.109159
-0.394172,-0.134119,0.135905
0.312708,0.290434,0.398796
0.247874,0.356984,0.441463
0.306313,0.372099,0.416728
0.349469,0.195597,0.284115
0.279627,0.200270,0.279634
-0.020231,-0.118539,-0.248558
-0.222401,-0.124285,-0.169096
0.172614,0.073012,-0.454748
-0.131561,-0.171658,-0.197685
-0.186409,-0.177133,-0.176368
0.131806,-0.034307,-0.393270
-0.063819,-0.150133,-0.251765
0.266383,0.174100,0.109250
-0.003196,-0.044786,-0.296999
-0.173513,-0.154127,-0.218056
0.278877,0.032714,-0.574078
0.197536,-0.009171,-0.485543
0.035578,-0.115515,-0.324286
0.163211,-0.008761,-0.438557
0.291072,0.164949,-0.111798
0.083169,-0.034572,-0.353290
0.082123,-0.089789,-0.358021
0.261800,0.345867,0.385024
0.223114,0.009571,-0.645234
0.311042,0.338955,0.396266
0.240834,0.137360,-0.192646
0.256610,0.385812,0.450273
-0.091379,-0.077232,-0.273776
-0.195292,-0.131291,-0.083906
0.257492,0.018625,-0.378150
-0.211193,-0.158971,-0.180852
0.065251,-0.096178,-0.412632
0.171204,0.071611,-0.500289
0.145278,-0.055568,-0.499773
0.110251,-0.069776,-0.376201
-0.392509,-0.160311,0.164202
0.279943,0.082244,-0.435512
0.277058,0.188373,0.154909
0.303172,0.315928,0.353537
0.265377,0.242451,0.316960
-0.004686,-0.110872,-0.363417
0.167203,-0.039426,-0.530770
0.101646,-0.090771,-0.412436
-0.376837,-0.163943,0.860070
0.213893,0.036467,-0.360745
-0.269459,-0.171358,-0.091717
-0.366011,-0.123299,0.074732
0.220578,0.110640,-0.346193
0.246757,0.315659,0.376201
0.119432,0.013481,-0.430530
0.254740,0.326272,0.434822
0.182660,-0.002207,-0.614740
0.294523,0.354130,0.482366
0.245926,0.134437,-0.230189
-0.413085,-0.129175,0.601356
0.287867,0.113035,0.052886
-0.330076,-0.109310,0.128274
-0.150662,-0.119465,-0.241974
0.269871,0.322096,0.355234
0.246268,0.061229,-0.658317
0.148135,0.052804,-0.553384
0.276318,0.097899,-0.577359
0.305439,0.083293,-0.153073
-0.408443,-0.129178,0.511914
0.348312,0.183233,0.244491
0.249843,0.043757,-0.285264
0.116632,0.005768,-0.485386
0.226132,0.120954,-0.604905
0.017693,-0.071808,-0.399093
0.283393,0.075012,-0.628172
0.276279,0.086915,-0.485773
0.266702,0.107238,-0.539329
-0.418177,-0.173753,0.538437
-0.412328,-0.146261,0.428082
0.113078,-0.074041,-0.463347
0.068276,-0.012267,-0.431269
0.250487,0.139320,0.010595
-0.012437,-0.060079,-0.273641
-0.224080,-0.165226,-0.059076
0.285763,0.269569,0.400634
0.284221,0.092807,-0.314931
0.317075,0.319559,0.416994
0.258742,0.116998,-0.012178
-0.157979,-0.167489,-0.132407
0.316540,0.171138,0.011463
0.286508,0.138246,0.166042
-0.094723,-0.158296,-0.209259
-0.423370,-0.138533,0.834776
0.248009,0.149378,-0.093044
-0.061907,-0.104007,-0.210577
0.173372,0.046672,-0.646005
0.313414,0.095256,-0.102185
0.146877,-0.064361,-0.446849
0.281368,0.041391,-0.326586
-0.098484,-0.128732,-0.282795
-0.371158,-0.182284,0.492345
0.032667,-0.108241,-0.378706
-0.229266,-0.102699,-0.108738
0.262080,0.023945,-0.336573
-0.360366,-0.141526,0.799924
-0.395777,-0.179825,0.751578
-0.041855,-0.134394,-0.239216
-0.327540,-0.141231,0.188655
0.257737,0.369403,0.416076
0.273826,0.095574,-0.384784
-0.058390,-0.060274,-0.287930
0.273739,0.165946,-0.046166
0.233228,0.082277,-0.203795
-0.362913,-0.172353,0.117319
0.312188,0.378392,0.448862
-0.149498,-0.173894,-0.160385
-0.398892,-0.182954,0.613934
-0.375666,-0.178902,0.663252
-0.396724,-0.171167,0.826503
-0.384970,-0.112147,0.859256
-0.400261,-0.135690,0.188812
-0.420152,-0.145945,0.877419
-0.282071,-0.103862,-0.010867
0.282274,0.048890,-0.474998
0.313515,0.150869,-0.100131
0.143021,-0.055104,-0.410954
0.295303,0.221329,0.363197
0.173763,0.089230,-0.599908
0.339658,0.225391,0.239470
-0.389337,-0.122961,0.551400
-0.120129,-0.096675,-0.181587
-0.118160,-0.149268,-0.255397
0.198441,0.114665,-0.622979
0.311648,0.132681,-0.151468
-0.245697,-0.107117,-0.061439
-0.361839,-0.179977,0.167690
-0.350031,-0.159474,0.027305
-0.417604,-0.170406,0.589365
-0.164688,-0.097808,-0.194603
-0.172575,-0.098492,-0.168295
-0.368821,-0.171586,0.613745
-0.369857,-0.127038,0.747945
-0.408494,-0.171023,0.376153
0.255479,0.123051,-0.304221
0.284837,0.368201,0.400540
-0.390318,-0.117790,0.771379
0.274573,0.364309,0.503272
0.280836,0.089904,-0.061372
0.230584,0.115531,-0.146810
-0.374500,-0.107773,0.245203
-0.352426,-0.107018,0.158656
0.318469,0.198273,0.119550
-0.138098,-0.112442,-0.153425
0.197082,0.071006,-0.371154
-0.102932,-0.080677,-0.211944
0.226592,0.108584,-0.183943
0.332264,0.198195,0.331613
0.228449,0.037863,-0.323841
0.136119,0.016370,-0.562455
0.272893,0.175743,0.040970
0.204023,0.037673,-0.410874
0.265377,0.287446,0.418723
-0.275478,-0.176657,-0.064061
-0.375555,-0.177150,0.277759
-0.347825,-0.164034,0.281477
-0.416445,-0.151916,0.476266
0.243503,0.118691,-0.498978
-0.186789,-0.102638,-0.134521
0.264294,0.147940,-0.186509
0.318418,0.169815,0.238636
-0.419539,-0.145428,0.773752
0.014770,-0.027532,-0.357594
-0.008834,-0.133930,-0.300712
-0.365498,-0.146688,0.062530
0.245355,0.280326,0.368789
0.201460,0.115876,-0.442071
-0.361639,-0.133870,0.492639
0.319581,0.111820,-0.068662
-0.323006,-0.161762,0.141589
-0.259310,-0.118579,-0.011242
-0.324990,-0.157506,-0.021843
-0.312651,-0.111103,0.082501
0.124969,0.004666,-0.511997
0.280618,0.055669,-0.292849
0.295361,0.112681,-0.235396
0.260062,0.256326,0.374054
-0.331325,-0.125270,-0.008968
-0.277426,-0.128242,0.032748
-0.408001,-0.142681,0.291458
-0.010589,-0.126514,-0.337897
-0.260933,-0.123856,-0.117616
0.339500,0.235665,0.344188
-0.286263,-0.148480,-0.088803
0.298090,0.121936,0.100158
-0.411433,-0.128893,0.712718
0.291813,0.088063,-0.290470
-0.342397,-0.125576,0.015001
0.074667,-0.053130,-0.334400
-0.400232,-0.134088,0.464189
0.295611,0.416675,0.522171
-0.313673,-0.139203,0.132793
0.229583,0.110004,-0.384117
0.240957,0.141277,-0.139653
-0.253692,-0.153322,-0.006944
0.261486,0.284786,0.332437
0.156794,0.049418,-0.512453
-0.362289,-0.158754,0.738047
0.118690,-0.036090,-0.509524
0.306697,0.394927,0.500421
-0.393022,-0.113624,0.203169
-0.364845,-0.174488,0.529071
0.317825,0.107262,-0.146773
-0.357126,-0.173135,0.220037
-0.385419,-0.122300,0.407210
0.291303,0.154678,0.192775
-0.411286,-0.130301,0.537369
-0.350633,-0.167563,0.329374
0.053252,-0.018339,-0.354458
0.256673,0.058004,-0.240236
0.149690,-0.025724,-0.548797
0.281865,0.206134,0.253062
-0.350493,-0.144558,0.430384
-0.399187,-0.176594,0.325614
0.272969,0.092411,-0.410029
0.033549,-0.042239,-0.313092
0.328877,0.154983,0.194925
0.254211,0.072176,-0.192450
-0.380902,-0.126052,0.600562
0.247448,0.017555,-0.454932
-0.274767,-0.125880,-0.096400
0.280966,0.101566,0.026176
-0.361420,-0.162680,0.578233
-0.377398,-0.106793,0.154153
-0.310338,-0.158556,-0.043187
0.287362,0.068450,-0.247460
0.247959,0.122607,-0.037633
-0.346698,-0.153762,0.381876
-0.373990,-0.171017,0.801769
-0.081990,-0.157647,-0.235896
0.040184,-0.059886,-0.423754
0.285362,0.409014,0.546811
-0.023389,-0.091997,-0.242743
-0.392867,-0.185832,0.389263
-0.418247,-0.138525,0.626803
0.092146,-0.036753,-0.481817
0.013963,-0.079027,-0.273807
0.144988,0.032591,-0.468027
-0.374029,-0.111070,0.113008
-0.086143,-0.109849,-0.299127
-0.366500,-0.114220,0.295896
0.294849,0.057551,-0.344096
-0.271722,-0.109259,-0.065201
-0.411401,-0.128776,0.662579
-0.370769,-0.129938,0.699042
0.253018,0.144746,0.034894
-0.345709,-0.113927,0.040713
-0.047123,-0.135727,-0.303472
0.331012,0.125439,-0.019427
0.285720,0.049047,-0.449086
0.267018,0.102765,-0.351690
0.269342,0.027864,-0.471475
-0.288893,-0.174532,-0.042788
-0.357707,-0.176393,0.143390
-0.345965,-0.138984,0.345802
0.224984,0.117001,-0.275171
-0.399189,-0.158088,0.238845
0.090809,-0.005430,-0.385438
0.068998,-0.083653,-0.332922
-0.380316,-0.124863,0.625343
0.281336,0.125106,0.076609
0.239912,0.018331,-0.404089
0.325872,0.281670,0.362388
0.294944,0.151878,-0.152276
0.087261,0.005060,-0.435876
0.291961,0.083232,-0.099684
0.301607,0.171998,-0.010928
0.303703,0.403673,0.477566
0.107633,0.004748,-0.456251
-0.304577,-0.135884,-0.055150
-0.050458,-0.099713,-0.332190
-0.145142,-0.096574,-0.227323
-0.109326,-0.083638,-0.258300
0.341022,0.157322,0.098837
0.271985,0.096441,-0.624680
-0.355311,-0.115038,0.271291
0.306467,0.318444,0.439051
-0.283095,-0.173061,-0.009179
0.260338,0.100461,-0.443541
0.306708,0.205827,0.144227
0.186549,-0.030364,-0.473112
0.258918,0.096117,-0.073122
-0.416587,-0.174270,0.513616
-0.322715,-0.153110,0.165918
-0.037074,-0.080108,-0.344240
0.247723,0.101831,-0.097635
-0.223506,-0.143003,-0.044043
-0.148027,-0.128076,-0.133269
-0.398225,-0.127893,0.330493
0.276922,0.080725,-0.121992
-0.409770,-0.126823,0.760172
0.051148,-0.107620,-0.341023
0.316907,0.240971,0.371583
0.338213,0.236956,0.260614
-0.407786,-0.159700,0.340556
0.250187,-0.001777,-0.606994
0.217949,0.025941,-0.460826
0.050116,-0.102007,-0.394093
0.199570,0.092440,-0.384712
-0.394872,-0.160168,0.189596
-0.365277,-0.137021,0.847404
0.206681,-0.027111,-0.556999
0.332580,0.138920,0.149434
-0.332702,-0.117774,0.175555
0.181544,0.018708,-0.466376
0.275745,0.448652,0.551313
-0.341331,-0.119653,0.222576
-0.298240,-0.129482,0.087488
0.155571,0.057664,-0.593975
-0.380332,-0.157212,0.111399
-0.231580,-0.105548,-0.080552
-0.419895,-0.150546,0.499717
0.289892,0.106411,-0.257609
0.280360,0.203104,0.306103
0.285592,0.085001,-0.337235
-0.238558,-0.164889,-0.040353
0.257521,0.075661,-0.169346
0.272930,0.029807,-0.644055
-0.127409,-0.159395,-0.170966
0.163213,-0.055517,-0.484512
0.162210,0.000231,-0.591391
-0.310330,-0.105596,0.045230
0.251416,0.131388,-0.255732
0.289243,0.339365,0.464858
-0.332708,-0.173935,0.033667
0.297237,0.369809,0.501160
0.317696,0.232077,0.234277
0.118694,-0.009947,-0.396145
0.120422,-0.015085,-0.523614
0.064618,-0.041213,-0.454922
0.245555,0.118674,-0.553165
0.284298,0.187685,0.224065
0.318667,0.156829,-0.035963
-0.402053,-0.186132,0.464399
0.306652,0.215964,0.190808
0.185391,0.060978,-0.416012
0.203431,0.105120,-0.545165
0.250614,0.394776,0.486134
-0.378089,-0.127390,0.466015
0.206033,0.083482,-0.654236
0.213314,0.104956,-0.367451
-0.398819,-0.186225,0.540436
0.197227,0.046878,-0.655198
0.164996,0.076372,-0.552807
0.187884,0.040818,-0.465017
-0.376425,-0.187753,0.441293
-0.423545,-0.148152,0.588789
0.264513,0.044621,-0.659975
0.340045,0.211978,0.204026
-0.190198,-0.159613,-0.094001
0.270507,0.353748,0.483377
0.287467,0.054305,-0.618540
0.216532,0.077395,-0.264674
0.172781,-0.030455,-0.445422
-0.359369,-0.175982,0.468287
0.254404,0.105048,-0.397931
-0.198317,-0.104663,-0.161923
-0.414579,-0.170256,0.676251
0.253484,0.365142,0.464037
-0.368714,-0.132101,0.552840
0.320479,0.114480,-0.044671
-0.406988,-0.177775,0.713783
-0.417118,-0.137680,0.737206
-0.390634,-0.121332,0.711320
-0.399263,-0.182853,0.588871
-0.392685,-0.187129,0.490678
0.285742,0.412662,0.468411
0.253875,0.051619,-0.262976
0.231117,0.110199,-0.406090
0.346339,0.173021,0.143800
0.280342,0.189638,0.102515
-0.364423,-0.127619,0.431077
-0.362869,-0.138579,0.824141
-0.397291,-0.182189,0.663577
0.267816,0.431272,0.510193
0.262964,0.157224,0.085996
-0.420343,-0.149515,0.651191
-0.402752,-0.129369,0.266964
0.275903,0.101781,-0.025566
0.324680,0.125640,0.071218
0.271192,0.177039,0.135471
-0.361887,-0.149798,0.699951
0.349014,0.194024,0.195974
0.273995,0.375502,0.526417
-0.395690,-0.186690,0.413889
0.145402,0.012581,-0.440844
-0.413747,-0.164947,0.788201
0.272635,0.398768,0.443010
-0.383752,-0.173007,0.252373
0.276663,0.452171,0.576583
0.177336,0.088445,-0.536031
0.284852,0.228154,0.269554
0.155577,0.019627,-0.596890
0.283239,0.174211,0.190929
-0.369633,-0.126828,0.869173
0.245597,0.400148,0.512492
0.275525,0.423328,0.488901
0.230291,0.008939,-0.494619
-0.181164,-0.130927,-0.099572
-0.370973,-0.130803,0.675076
-0.411688,-0.129104,0.687958
-0.407171,-0.117347,0.890040
0.285784,0.057817,-0.525446
-0.359848,-0.122843,0.346619
-0.391459,-0.122258,0.662874
0.175356,0.017702,-0.634853
0.176426,0.081679,-0.643909
0.205352,0.004659,-0.635294
0.229597,-0.015483,-0.533896
0.166537,0.033222,-0.472134
0.205427,0.112136,-0.507703
0.261624,0.160880,0.058793
0.252468,0.085766,-0.657165
-0.374188,-0.159181,0.891829
0.238067,0.001209,-0.628077
0.036555,-0.020540,-0.392462
0.174786,0.082921,-0.472552
-0.352744,-0.175235,0.379496
0.298883,0.096642,-0.015704
-0.367696,-0.115965,0.321095
0.246096,0.006750,-0.507819
0.147180,0.011013,-0.578634
-0.011257,-0.081052,-0.376648
-0.005209,-0.039477,-0.316367
0.250012,0.115398,-0.349158
0.267013,0.154674,0.114632
0.075594,0.002922,-0.413056
-0.009958,-0.044230,-0.356620
0.018897,-0.029671,-0.377101
0.299484,0.223969,0.223802
0.006173,-0.058278,-0.389894
0.285252,0.135715,0.143103
0.252069,0.115202,-0.632441
0.193972,0.111663,-0.460013
0.344818,0.190001,0.168999
-0.232838,-0.174460,-0.147356
0.232623,0.039453,-0.653753
0.200514,-0.022855,-0.575441
0.159311,0.044196,-0.622509
0.257202,0.017878,-0.495074
0.288111,0.057172,-0.549641
-0.194905,-0.183815,-0.149576
0.179677,0.089759,-0.490246
0.014195,-0.039335,-0.313546
0.204056,0.117194,-0.477212
0.183923,0.097669,-0.577740
-0.244304,-0.136752,-0.152478
0.039650,-0.068137,-0.299127
-0.212851,-0.186561,-0.131744
0.245968,-0.008583,-0.578438
-0.415538,-0.173888,0.437137
-0.177418,-0.166442,-0.203534
-0.038696,-0.057047,-0.320468
0.277628,0.028795,-0.525783
0.014917,-0.117756,-0.289357
0.272100,0.024497,-0.366588
-0.057097,-0.129977,-0.216346
0.268211,0.021442,-0.510588
-0.028434,-0.091023,-0.358561
0.296494,0.065609,-0.372218
-0.232612,-0.104147,-0.127658
-0.023449,-0.045309,-0.318450
-0.258909,-0.151018,-0.131565
0.139268,0.035185,-0.559908
-0.168120,-0.138467,-0.227845
-0.008406,-0.039688,-0.336538
0.032936,-0.110880,-0.305734
-0.396289,-0.147650,0.150267
-0.214436,-0.172072,-0.167217
0.232371,0.021296,-0.375309
0.269584,0.014926,-0.612591
0.277057,0.426249,0.547613
0.274037,0.061183,-0.658745
0.169969,-0.014696,-0.582265
-0.386216,-0.121595,0.123283
0.147705,-0.014835,-0.422275
-0.048406,-0.084894,-0.228010
0.207907,-0.028054,-0.538003
-0.144414,-0.144693,-0.243849
0.029908,-0.032161,-0.328832
0.035573,-0.085634,-0.292833
0.069892,-0.086524,-0.438924
0.134412,0.019256,-0.519750
0.208699,0.025839,-0.653380
0.026930,-0.056187,-0.404751
0.187209,-0.038037,-0.516966
-0.009317,-0.132710,-0.319662
0.008451,-0.109073,-0.273269
0.339961,0.157995,0.179822
0.214308,0.113557,-0.583324
0.153275,0.040143,-0.600814
0.239441,0.117355,-0.468910
0.210433,0.099312,-0.308002
0.051473,-0.009797,-0.371256
-0.040057,-0.062375,-0.267783
0.032608,-0.018775,-0.353893
0.008266,-0.126253,-0.337910
0.177847,0.074129,-0.427220
-0.255761,-0.174469,-0.113612
-0.028702,-0.121487,-0.335447
-0.210734,-0.185881,-0.112088
0.258570,-0.001069,-0.556798
0.226246,0.104837,-0.654949
-0.060928,-0.088601,-0.321110
-0.159628,-0.171633,-0.206556
-0.095030,-0.142410,-0.184801
-0.111626,-0.079060,-0.240267
-0.178751,-0.127543,-0.216952
-0.054235,-0.144541,-0.277844
-0.206202,-0.143859,-0.062782
-0.065491,-0.069167,-0.244340
0.170130,-0.045577,-0.513395
-0.111784,-0.166070,-0.213315
0.106885,-0.042716,-0.368308
-0.231925,-0.111529,-0.145269
0.289411,0.054415,-0.592869
-0.018801,-0.134727,-0.273288
-0.124057,-0.109126,-0.265387
0.195977,0.106754,-0.492632
0.213256,-0.013139,-0.596567
0.285274,0.072219,-0.537153
-0.174007,-0.178201,-0.130620
0.094610,-0.018165,-0.468544
-0.011206,-0.102677,-0.252566
0.068614,-0.101678,-0.395047
-0.037708,-0.140595,-0.256171
0.252423,0.113672,-0.481597
-0.202972,-0.121092,-0.186069
-0.128315,-0.164335,-0.232883
0.212473,0.068174,-0.289583
0.270227,0.107600,0.012369
-0.028016,-0.136893,-0.301862
0.256731,0.152031,-0.159381
0.276807,0.106542,-0.305000
-0.072833,-0.120626,-0.306910
0.262699,0.021825,-0.431538
-0.192900,-0.184704,-0.131195
-0.116480,-0.135471,-0.267985
-0.112688,-0.118901,-0.276267
-0.152800,-0.143084,-0.123639
0.144875,-0.060638,-0.428898
0.202808,0.045620,-0.384573
0.083623,-0.094965,-0.413489
0.138956,0.024848,-0.544664
0.276629,0.030290,-0.394980
0.235829,0.118247,-0.337772
-0.114953,-0.145303,-0.170448
-0.389802,-0.146105,0.122596
0.321018,0.141211,-0.113867
0.273899,0.115075,0.039542
0.135912,-0.001202,-0.557077
0.163923,0.073659,-0.597347
0.107440,-0.085018,-0.438796
0.186575,-0.035578,-0.535603
-0.215872,-0.134573,-0.182802
0.320595,0.123637,-0.138287
0.277659,0.166526,-0.124149
0.207702,0.067433,-0.327330
0.126482,-0.050778,-0.387341
0.186402,0.101756,-0.604563
-0.046912,-0.126134,-0.319028
0.266279,0.106123,-0.590229
0.267690,0.163482,-0.108803
0.256632,0.115376,-0.526404
-0.307178,-0.122755,-0.042667
0.286825,0.161839,-0.139326
0.095055,-0.061223,-0.472411
0.282529,0.061499,-0.488171
0.070245,-0.003288,-0.387040
-0.344019,-0.175519,0.070779
-0.065337,-0.149479,-0.233407
-0.214129,-0.100951,-0.128404
-0.130226,-0.170464,-0.215833
0.335585,0.140568,0.003836
-0.055640,-0.064197,-0.305487
-0.084983,-0.083626,-0.212162
0.290841,0.063823,-0.410586
-0.066498,-0.120902,-0.203695
0.125730,-0.077872,-0.419834
-0.419241,-0.125166,0.876949
0.318247,0.098613,-0.130806
0.285649,0.428616,0.512365
-0.185140,-0.117316,-0.202807
0.325252,0.113936,0.026901
-0.424571,-0.136436,0.862605
-0.072900,-0.144136,-0.279173
0.177542,-0.024383,-0.568929
0.198772,-0.028202,-0.501271
-0.366597,-0.125786,0.887020
0.051562,-0.008508,-0.389338
-0.103677,-0.103733,-0.184439
0.274344,0.029400,-0.419894
-0.352744,-0.178350,0.183524
-0.075497,-0.137329,-0.200938
0.154699,0.040659,-0.494214
-0.248431,-0.112172,-0.123508
-0.329244,-0.116002,0.007079
0.247109,0.019453,-0.363354
-0.254073,-0.179757,-0.096197
-0.310817,-0.113209,-0.027263
0.344905,0.158407,0.132142
-0.130815,-0.136434,-0.151212
-0.139848,-0.103636,-0.243070
-0.374013,-0.146765,0.085810
-0.020646,-0.077870,-0.253622
-0.093549,-0.072771,-0.255435
-0.224985,-0.175906,-0.073539
-0.406261,-0.152175,0.899622
-0.201954,-0.171610,-0.087548
0.091211,-0.017275,-0.371909
0.232241,0.113910,-0.359488
0.282235,0.045310,-0.513042
0.279656,0.087217,-0.524848
-0.385891,-0.171084,0.177671
-0.102836,-0.089789,-0.196471
0.127710,-0.056383,-0.496266
-0.129691,-0.086570,-0.224954
0.266540,0.128105,0.050939
0.053858,-0.080095,-0.433408
-0.307863,-0.163883,0.096670
0.184520,0.094724,-0.507270
0.248641,0.082788,-0.143958
0.243686,0.139550,-0.078768
0.336101,0.181644,0.106776
0.281946,0.038119,-0.434313
0.307795,0.111700,-0.195915
-0.268202,-0.105390,-0.031975
-0.325381,-0.166877,-0.006398
0.226267,0.023044,-0.415956
-0.337118,-0.178649,0.086901
-0.147327,-0.092661,-0.192373
-0.384496,-0.111265,0.138444
0.250991,0.018298,-0.418023
-0.161143,-0.117528,-0.127476
0.313126,0.192254,0.083063
0.031601,-0.097281,-0.392662
-0.303445,-0.170329,0.058637
0.199609,0.105526,-0.574905
-0.206924,-0.119411,-0.077637
-0.397798,-0.148574,0.176454
-0.372924,-0.125571,0.503559
0.282989,0.040012,-0.408582
0.261505,0.159347,-0.057197
0.289352,0.061072,-0.436485
-0.337377,-0.167653,0.017673
0.285774,0.073556,-0.561661
0.286173,0.075636,-0.589217
0.115303,0.001398,-0.409315
0.250161,0.140356,-0.207393
0.234763,0.113991,-0.442159
0.143032,-0.046414,-0.515242
0.236838,0.108050,-0.121712
0.270686,0.099000,-0.497402
0.218105,0.115601,-0.519773
0.134286,-0.019283,-0.402914
0.248830,0.109441,-0.453477
0.199649,-0.006448,-0.612526
-0.147336,-0.093091,-0.210014
0.280362,0.166899,-0.097020
-0.357987,-0.123233,0.049910
0.195504,0.103017,-0.410256
-0.185457,-0.108757,-0.118041
0.295994,0.165917,-0.060667
0.321016,0.206448,0.154485
0.270092,0.093798,-0.457452
-0.423700,-0.162257,0.550684
-0.423050,-0.148555,0.849244
-0.355521,-0.113604,0.064434
-0.357751,-0.106526,0.195313
0.289503,0.188489,0.074752
-0.390093,-0.114203,0.177823
0.281862,0.072580,-0.159146
-0.316636,-0.176110,0.026461
0.340077,0.184030,0.130422
0.170847,0.081323,-0.620879
-0.420928,-0.137322,0.575072
0.087126,-0.077994,-0.453715
-0.274262,-0.117348,-0.080614
0.263201,0.160769,-0.135007
0.279224,0.037333,-0.460538
0.300894,0.140058,-0.163734
-0.400220,-0.123324,0.215836
-0.392647,-0.111510,0.820835
0.267697,0.106507,-0.564798
-0.103206,-0.131682,-0.173220
0.043008,-0.026779,-0.407466
0.261726,0.080256,-0.131855
0.264987,0.165793,-0.020418
0.069902,-0.073417,-0.450480
-0.247768,-0.130282,-0.017193
-0.328301,-0.109199,0.089998
0.272175,0.168562,0.150686
-0.329511,-0.177797,0.061375
-0.251958,-0.181468,-0.078634
0.296636,0.134101,-0.187629
0.271651,0.121622,-0.269807
0.170766,0.087226,-0.582359
0.321938,0.145161,-0.061264
0.251737,0.107601,-0.062024
-0.362945,-0.107580,0.232205
0.240271,0.137294,-0.102857
-0.408903,-0.183122,0.526620
-0.416790,-0.156418,0.863412
-0.237855,-0.120840,-0.039925
-0.388431,-0.168052,0.203665
-0.421781,-0.126540,0.847224
0.232144,0.101360,-0.157313
0.333002,0.154408,0.014099
-0.419841,-0.129157,0.820615
0.228153,0.122770,-0.174089
-0.305844,-0.174055,0.004329
0.242005,0.118920,-0.598245
-0.272480,-0.178858,-0.046298
0.299344,0.081063,-0.177372
0.254837,0.156197,-0.030817
0.280723,0.026783,-0.553641
-0.336833,-0.108597,0.112335
-0.372267,-0.175459,0.152729
0.228168,0.052179,-0.285587
-0.419927,-0.138827,0.549690
0.306889,0.179711,0.034705
-0.304597,-0.103271,0.005865
0.321497,0.107932,-0.093644
0.249952,0.028040,-0.321855
0.282803,0.132206,-0.223928
-0.319987,-0.172067,0.105849
0.280533,0.153151,-0.163807
0.307931,0.162788,-0.048572
-0.364706,-0.113308,0.088746
-0.360958,-0.153793,0.787803
-0.290206,-0.128854,0.065075
0.040923,-0.047001,-0.412309
0.335525,0.163890,0.061947
-0.399397,-0.124552,0.525852
0.338740,0.145600,0.111279
0.287606,0.077070,-0.135017
0.284343,0.046137,-0.562335
0.290389,0.052341,-0.397739
0.168374,0.007202,-0.612702
-0.271600,-0.117870,0.009000
0.282777,0.166023,-0.071701
-0.381355,-0.108252,0.191413
0.320847,0.104041,0.003506
-0.329799,-0.165449,0.175610
-0.285863,-0.102538,-0.027674
0.268595,0.117951,-0.293339
-0.365320,-0.158378,0.075773
-0.384815,-0.109054,0.231507
0.163836,-0.044625,-0.441574
0.267162,0.170479,0.004348
0.336310,0.130749,0.018529
-0.367729,-0.176385,0.206930
-0.392469,-0.123427,0.588149
-0.402989,-0.135527,0.227587
0.321396,0.137832,0.162410
-0.342471,-0.174537,0.135705
0.312066,0.124016,0.109901
0.290160,0.175588,0.001343
0.322145,0.183224,0.071199
0.252552,0.089371,-0.120253
-0.423076,-0.160265,0.576656
0.286861,0.071456,-0.199022
0.220813,0.112013,-0.298165
0.237341,0.041537,-0.296770
0.247392,0.135794,-0.026416
0.305150,0.095715,-0.218551
-0.299885,-0.104396,0.022389
-0.372800,-0.120528,0.369786
-0.412622,-0.149604,0.377004
-0.380919,-0.185121,0.351985
0.251256,0.150520,-0.068069
0.279202,0.084997,-0.087097
0.133639,-0.020778,-0.536624
-0.335847,-0.129892,0.235085
-0.416803,-0.170872,0.626473
0.291309,0.209031,0.193565
0.179375,0.094255,-0.460658
-0.384747,-0.178571,0.764523
-0.361563,-0.150167,0.650862
-0.286653,-0.175978,-0.025596
0.242934,0.128921,-0.065017
-0.374316,-0.176499,0.738822
-0.386278,-0.122478,0.514472
0.279167,0.176915,0.014590
-0.366673,-0.183641,0.454649
-0.406706,-0.176506,0.738934
-0.248751,-0.105684,-0.078139
-0.340173,-0.130358,0.259725
0.311354,0.165780,-0.023441
-0.348869,-0.111160,0.209650
-0.300357,-0.173428,0.020789
0.294265,0.205472,0.159147
0.293104,0.164638,-0.085744
-0.335712,-0.163716,0.211018
-0.286403,-0.115737,-0.059532
-0.304217,-0.110375,0.060692
0.312257,0.103845,-0.055100
0.257507,0.160745,-0.005739
-0.355079,-0.175773,0.417592
0.221653,0.108028,-0.233109
-0.269778,-0.104620,-0.048959
0.211112,0.119736,-0.612842
-0.331417,-0.140881,0.210852
0.153266,0.061400,-0.568352
-0.412427,-0.139629,0.487283
0.236801,0.132493,-0.125543
-0.363150,-0.174231,0.504967
-0.361104,-0.183745,0.391746
-0.294799,-0.169898,0.036977
0.220906,0.064216,-0.275204
0.325892,0.162442,0.000277
0.126372,0.019158,-0.489123
0.288098,0.172149,-0.022529
0.285919,0.182563,0.050072
-0.387190,-0.183512,0.564884
-0.389587,-0.188834,0.452343
0.216072,0.108474,-0.321104
-0.365092,-0.132465,0.516942
-0.385603,-0.181357,0.701256
0.323576,0.215802,0.190198
0.077280,-0.029974,-0.455029
-0.359929,-0.106962,0.103683
-0.359993,-0.142480,0.529666
-0.412889,-0.129298,0.561762
0.249551,0.066688,-0.215666
0.245355,0.080123,-0.180454
0.215644,0.102394,-0.256668
0.289864,0.067336,-0.284875
-0.371153,-0.119975,0.809757
0.278032,0.180855,0.064996
-0.295403,-0.109578,0.037865
-0.299958,-0.140770,0.100330
-0.325414,-0.116992,0.142553
0.325509,0.189273,0.094728
-0.380001,-0.181994,0.326400
0.239225,0.120181,-0.619311
-0.384999,-0.173774,0.814687
0.308484,0.091545,-0.167880
0.270510,0.044564,-0.300686
-0.366702,-0.172817,0.565901
-0.344410,-0.110513,0.185192
0.202310,0.111427,-0.425881
-0.359089,-0.178261,0.352445
-0.364141,-0.124580,0.394032
-0.370024,-0.123661,0.784992
-0.386377,-0.188953,0.427688
-0.361876,-0.160593,0.712859
-0.397011,-0.123379,0.281572
-0.394715,-0.130602,0.418472
-0.420805,-0.148320,0.700280
0.281570,0.087867,-0.372033
-0.395902,-0.125024,0.394379
-0.406996,-0.151489,0.276936
0.227265,0.073086,-0.239831
-0.360920,-0.145166,0.761467
-0.391835,-0.122768,0.612861
-0.405305,-0.174170,0.764180
0.268791,0.134597,-0.234228
0.240052,0.126589,-0.088761
-0.364656,-0.183493,0.429595
-0.403103,-0.130702,0.380106
0.228956,0.094947,-0.193697
0.326611,0.166069,0.024283
-0.394962,-0.118742,0.256334
-0.358762,-0.165118,0.541542
0.231861,0.126479,-0.201671
-0.415061,-0.169396,0.725818
-0.363525,-0.161435,0.663082
-0.395386,-0.109870,0.846374
-0.386175,-0.181878,0.676059
-0.362326,-0.141541,0.565060
0.223761,0.085344,-0.228993
0.066965,-0.028192,-0.437478
-0.360708,-0.150635,0.626101
0.233390,0.122021,-0.288683
-0.421346,-0.148628,0.725348
0.163326,0.064646,-0.514395
-0.404656,-0.134772,0.305812
-0.414700,-0.169939,0.700803
-0.394446,-0.110495,0.874248
0.239602,0.009151,-0.642845
0.237205,0.126481,-0.265505
-0.271501,-0.151234,0.022896
-0.383254,-0.188994,0.402497
-0.416564,-0.158739,0.837043
-0.338080,-0.109818,0.150651
0.292588,0.196074,0.111786
-0.375496,-0.178259,0.688394
-0.406049,-0.171356,0.801679
-0.408446,-0.178807,0.638985
0.207108,0.074369,-0.304434
-0.356209,-0.142566,0.505740
0.111763,-0.065120,-0.477516
-0.408537,-0.154689,0.303046
-0.315633,-0.162759,0.119838
-0.402295,-0.115015,0.807767
0.336556,0.137899,0.043326
0.299223,0.169676,0.200185
-0.311532,-0.127261,0.121455
-0.365870,-0.169975,0.726106
-0.409307,-0.178836,0.601463
-0.404277,-0.134808,0.405573
-0.418876,-0.159466,0.688105
-0.283407,-0.140228,0.054853
-0.404554,-0.138213,0.252759
-0.405540,-0.182870,0.502301
-0.404569,-0.181281,0.400512
-0.363490,-0.139609,0.638224
0.240762,0.051730,-0.273817
0.280051,0.065240,-0.232929
-0.344584,-0.134658,0.308173
0.259857,0.139929,-0.221328
-0.346875,-0.155285,0.417546
0.218794,0.111086,-0.543467
-0.395818,-0.169483,0.276082
-0.421227,-0.142909,0.797399
-0.364405,-0.109603,0.258563
0.309871,0.101784,-0.181884
0.146745,-0.000900,-0.431350
-0.350052,-0.142878,0.393892
-0.350559,-0.156098,0.455445
0.188239,0.106546,-0.634471
0.145294,0.024191,-0.452722
-0.367604,-0.171997,0.650572
-0.374716,-0.172909,0.776921
-0.387933,-0.183133,0.601241
-0.348700,-0.168671,0.233539
-0.420934,-0.160888,0.639220
0.273162,0.013821,-0.583224
0.252889,0.126536,-0.000023
0.333143,0.158453,0.037855
-0.391158,-0.183498,0.338567
-0.419154,-0.160207,0.663883
0.201866,0.059324,-0.360520
0.146549,-0.028749,-0.413483
-0.379322,-0.125648,0.564646
-0.363324,-0.161104,0.687690
0.271675,0.097526,-0.646702
-0.403900,-0.162491,0.288807
-0.405197,-0.166441,0.314111
-0.363973,-0.140770,0.589296
0.266578,0.054954,-0.253038
0.257899,0.001163,-0.540495
-0.264936,-0.162699,0.000598
-0.299879,-0.118515,0.074330
0.222862,0.099198,-0.219274
-0.374243,-0.177552,0.713528
0.244173,0.058120,-0.251390
0.243580,-0.008346,-0.538768
0.324346,0.123616,-0.058190
-0.415118,-0.152321,0.401820
0.101071,0.013097,-0.432111
-0.260466,-0.128871,0.001874
0.287016,0.073237,-0.423467
-0.290519,-0.162347,0.051843
-0.379335,-0.122436,0.723148
-0.343571,-0.147653,0.332101
-0.367699,-0.171492,0.675508
0.297815,0.099261,-0.244442
-0.410509,-0.160124,0.364117
0.238279,0.131931,-0.215944
0.188018,0.099868,-0.446109
0.208952,0.093993,-0.330501
0.262533,0.065673,-0.205219
0.347765,0.174484,0.173154
0.233727,-0.008122,-0.519920
0.308052,0.099156,-0.028977
-0.328366,-0.169412,0.128154
-0.417111,-0.133547,0.784671
-0.413945,-0.161508,0.388221
-0.361228,-0.151077,0.601815
-0.376672,-0.179283,0.625773
-0.391509,-0.123430,0.355747
-0.402667,-0.123389,0.675312
0.263244,0.047924,-0.275761
-0.402136,-0.123827,0.700017
-0.389381,-0.179282,0.312931
0.265473,0.401130,0.544190
0.162161,0.006236,-0.444753
0.210011,0.119689,-0.645383
-0.374411,-0.122838,0.419199
0.228322,0.120948,-0.224295
0.294251,0.076068,-0.213107
-0.364047,-0.139172,0.663027
-0.357212,-0.118074,0.308900
-0.379306,-0.121367,0.759837
-0.281569,-0.162420,0.030573
-0.358445,-0.173664,0.316553
-0.376874,-0.114081,0.283446
-0.354101,-0.170941,0.268239
-0.341882,-0.144247,0.295014
-0.351665,-0.108831,0.080264
-0.364438,-0.139289,0.687454
0.232128,0.116537,-0.564712
0.202092,0.006176,-0.483352
-0.353452,-0.145143,0.467835
-0.371730,-0.174321,0.241460
0.205429,0.034525,-0.455335
-0.391320,-0.184938,0.365062
-0.390200,-0.119845,0.747487
-0.356255,-0.172191,0.292859
-0.397705,-0.167282,0.862154
-0.361961,-0.151517,0.812904
-0.387367,-0.176075,0.288659
0.117657,-0.010773,-0.508343
-0.354911,-0.164468,0.493138
-0.329997,-0.153967,0.199548
0.211151,0.058813,-0.314188
-0.400875,-0.117958,0.783515
-0.376368,-0.165296,0.837694
-0.348892,-0.124195,0.296290
0.229676,0.117923,-0.585140
0.277888,0.023964,-0.597310
-0.335893,-0.140371,0.247934
-0.406767,-0.181086,0.425374
0.287652,0.060296,-0.306875
0.172394,0.087234,-0.561934
0.337267,0.151057,0.052375
0.292704,0.074194,-0.299027
-0.035642,-0.065804,-0.337265
0.232038,0.019503,-0.464741
0.245086,0.101431,-0.656266
0.220034,-0.022413,-0.546652
-0.368982,-0.128280,0.479041
0.335231,0.148158,0.166470
0.222279,0.018368,-0.484630
0.285547,0.138828,-0.201467
-0.343351,-0.160960,0.246509
0.174319,0.067759,-0.479470
-0.364323,-0.148530,0.836537
0.161740,-0.023315,-0.432020
0.263025,0.103929,-0.375253
0.013627,-0.103560,-0.378851
0.329664,0.207095,0.344380
0.351517,0.207944,0.310715
-0.340418,-0.141997,0.271440
0.259291,0.425574,0.527081
0.257188,0.390776,0.535844
0.314904,0.111875,0.040676
0.332657,0.125488,0.034400
0.216084,0.112930,-0.413898
0.278260,0.086677,-0.637637
0.314815,0.117815,0.062046
0.065121,-0.026332,-0.348310
-0.406225,-0.161933,0.875327
0.205557,0.077343,-0.339125
0.236278,-0.004287,-0.613640
0.294131,0.200430,0.135221
-0.408195,-0.140592,0.452552
0.291903,0.424832,0.543338
0.332531,0.189809,0.318429
0.218875,0.075112,-0.654918
0.299779,0.210293,0.353545
0.084043,-0.031515,-0.469910
0.338878,0.155324,0.076116
-0.386084,-0.166071,0.872302
0.252042,0.119125,-0.327724
0.288765,0.065143,-0.603747
0.238588,0.120916,-0.641341
0.347548,0.173121,0.188684
0.193364,0.042599,-0.450573
-0.387113,-0.168238,0.849638
0.275462,0.099796,-0.327603
-0.023049,-0.059140,-0.355979
0.277759,0.184047,0.178609
0.301103,0.182120,0.303670
0.337876,0.145574,0.089675
0.331291,0.132266,0.057648
0.273474,0.184645,0.118901
0.174528,0.083870,-0.444269
0.026585,-0.120582,-0.335456
0.277936,0.092368,-0.349984
-0.013444,-0.099399,-0.368093
0.248038,0.406100,0.526536
0.197916,0.039567,-0.432085
-0.365895,-0.147135,0.858655
0.305296,0.135499,0.168836
-0.079736,-0.110533,-0.196062
0.332038,0.135161,0.080424
-0.257982,-0.136006,-0.131462
0.006184,-0.066412,-0.276009
0.300670,0.106641,0.040918
0.042125,-0.113225,-0.351563
0.280107,0.147417,0.156111
0.005206,-0.119325,-0.356085
-0.369360,-0.157341,0.848363
0.216272,-0.021550,-0.566955
0.244170,0.288277,0.381300
0.260894,0.000280,-0.571513
-0.215214,-0.113188,-0.162388
0.284912,0.128586,0.101391
0.261572,0.021545,-0.351174
0.317093,0.121751,0.085034
0.244939,0.109053,-0.387291
-0.187623,-0.145204,-0.091865
0.059959,-0.043979,-0.326554
0.023130,-0.085947,-0.396938
0.328709,0.178417,0.290773
0.216477,-0.022135,-0.527580
0.270420,0.013076,-0.539932
0.180171,0.090849,-0.521779
0.178090,-0.046127,-0.486997
0.069082,-0.069981,-0.327514
0.274388,0.025372,-0.621713
0.251489,0.002827,-0.622370
0.222053,0.023865,-0.439303
0.051966,-0.077706,-0.310416
-0.411720,-0.179375,0.450191
0.175611,0.060470,-0.461727
0.168407,0.057203,-0.637098
0.259213,0.019419,-0.648098
0.124896,0.022317,-0.472035
0.196436,-0.031938,-0.546640
-0.226522,-0.148640,-0.175471
0.223195,0.022185,-0.652622
0.267373,0.166616,0.125972
0.148262,0.037876,-0.507029
-0.068350,-0.091276,-0.213699
0.244679,0.119267,-0.513521
0.195280,0.031553,-0.653694
0.018004,-0.123264,-0.307703
0.192244,-0.027378,-0.564325
0.254826,0.378242,0.508627
0.270128,0.296449,0.429135
0.183435,0.004845,-0.462441
0.177038,0.060220,-0.649759
0.006767,-0.045089,-0.382776
0.269228,0.016707,-0.524987
0.275524,0.383859,0.538176
0.248689,-0.005571,-0.592347
-0.097268,-0.116420,-0.181683
0.297440,0.179764,0.274447
0.090221,-0.048080,-0.352212
-0.369533,-0.155920,0.869910
0.246507,-0.000900,-0.522420
-0.114303,-0.163866,-0.194963
0.347781,0.176661,0.218072
0.015356,-0.048645,-0.296790
0.162536,-0.051840,-0.502879
0.065860,-0.095578,-0.340340
-0.171167,-0.144749,-0.106311
-0.177384,-0.118226,-0.110857
0.156434,0.064983,-0.554534
-0.073094,-0.071044,-0.289771
-0.416641,-0.164842,0.426058
0.325738,0.146721,0.183486
0.156941,0.060500,-0.527957
0.206993,0.013091,-0.646771
0.344686,0.226003,0.334965
0.320750,0.228776,0.365116
0.085057,-0.077945,-0.350524
0.291932,0.144516,0.177719
0.280192,0.395744,0.545329
0.222155,0.001822,-0.632322
0.241611,-0.011113,-0.565076
0.110617,-0.056661,-0.370565
0.233459,0.000192,-0.506758
0.146139,0.047471,-0.566451
0.248532,0.307782,0.364478
0.302412,0.382171,0.425995
0.347084,0.174344,0.157947
-0.078891,-0.094007,-0.305210
0.162220,-0.032064,-0.546574
-0.045217,-0.112895,-0.331381
0.237322,0.113730,-0.655247
0.189301,0.009458,-0.636748
-0.188742,-0.100977,-0.152100
0.273604,0.013258,-0.568538
0.245473,0.295904,0.393862
0.350640,0.200770,0.297266
0.328469,0.124850,-0.033364
-0.122881,-0.096625,-0.258806
0.303634,0.187591,0.317478
0.217377,0.002731,-0.494904
-0.040167,-0.052940,-0.302696
0.017809,-0.092498,-0.275783
0.261787,0.004153,-0.601478
-0.149358,-0.168990,-0.215909
-0.203668,-0.102750,-0.119072
0.303493,0.201713,0.341861
0.284350,0.439869,0.544348
0.281391,0.042600,-0.632953
-0.022328,-0.053233,-0.281305
-0.109050,-0.157457,-0.248377
0.220927,-0.015518,-0.515916
0.120708,0.020829,-0.443998
0.281532,0.191407,0.210742
0.050192,-0.103148,-0.323053
0.107395,-0.081144,-0.384032
0.110173,-0.085882,-0.402335
-0.090915,-0.139812,-0.278509
0.291208,0.041062,-0.370503
0.283253,0.036466,-0.339647
-0.245035,-0.150790,-0.153355
0.104089,-0.003865,-0.466803
0.170238,0.060521,-0.490827
0.182866,0.038218,-0.652009
-0.335169,-0.146660,-0.011937
0.208747,-0.013171,-0.500798
-0.327985,-0.134780,-0.024431
-0.195088,-0.168945,-0.183758
0.169601,-0.028173,-0.557841
0.279327,0.026531,-0.539506
0.156153,-0.021916,-0.560630
0.340141,0.145322,0.133633
0.309348,0.361119,0.408582
0.326714,0.130316,-0.099299
0.301665,0.306128,0.433615
0.352675,0.224839,0.284819
-0.090642,-0.158380,-0.246849
-0.000242,-0.129298,-0.290719
-0.005109,-0.062115,-0.381791
0.185706,0.088556,-0.651734
-0.347750,-0.148305,0.013021
0.296515,0.054343,-0.357566
0.144687,-0.012537,-0.560822
0.255641,0.147871,0.048215
0.192829,0.029639,-0.472240
0.348664,0.187258,0.257798
0.151861,0.047571,-0.527803
-0.038780,-0.122923,-0.231794
0.177000,-0.044061,-0.468528
0.265199,0.171159,0.095729
-0.414544,-0.144700,0.890062
0.241961,0.017762,-0.390376
-0.112515,-0.079928,-0.221932
0.328495,0.128737,0.114037
0.194751,0.047405,-0.407495
0.348345,0.239826,0.307550
-0.194121,-0.118786,-0.096252
-0.120618,-0.088067,-0.196724
0.298379,0.391014,0.436619
0.180554,-0.025699,-0.455843
-0.015223,-0.067269,-0.372666
0.263595,0.105810,-0.612621
0.204514,0.110084,-0.521351
-0.132872,-0.168706,-0.179612
0.261292,0.280129,0.406989
0.076459,-0.098685,-0.366936
-0.241089,-0.175219,-0.136309
0.126793,-0.063470,-0.393104
0.317630,0.357769,0.432778
0.170424,0.078309,-0.519016
0.346965,0.191808,0.182479
-0.095514,-0.086744,-0.282832
-0.176531,-0.170942,-0.114363
0.319210,0.332355,0.421588
0.191572,0.103007,-0.424162
0.133189,0.012674,-0.547346
-0.171191,-0.101055,-0.150549
0.348865,0.191244,0.271108
0.285523,0.107818,0.040244
0.237937,0.036772,-0.309619
0.115219,0.009091,-0.466812
-0.120723,-0.108986,-0.169150
-0.218305,-0.103660,-0.100568
0.047765,-0.093037,-0.409336
0.109082,-0.009002,-0.484230
0.246296,0.323076,0.387709
0.268173,0.404710,0.454511
0.270192,0.228631,0.347259
-0.171753,-0.105122,-0.203760
0.256361,0.414530,0.490751
0.042214,-0.051697,-0.308336
0.280788,0.074178,-0.650254
-0.167809,-0.179467,-0.177722
0.284486,0.035748,-0.586180
0.248263,0.272532,0.357040
-0.163528,-0.151317,-0.227051
0.179189,0.026133,-0.644901
-0.240786,-0.163696,-0.151931
-0.232077,-0.162747,-0.163163
0.262500,0.106385,-0.653364
0.276420,0.032275,-0.512243
0.333013,0.126673,-0.005977
-0.042360,-0.096903,-0.225312
-0.394004,-0.122509,0.150316
0.343144,0.188018,0.155608
-0.354512,-0.159165,0.040182
0.351932,0.204357,0.235444
0.258164,0.264970,0.384428
0.255320,0.256564,0.336048
0.308245,0.147364,-0.140387
-0.231752,-0.183303,-0.129574
0.245529,0.146541,-0.117170
-0.181418,-0.102146,-0.178031
-0.022778,-0.129995,-0.255467
0.308430,0.097660,-0.006050
0.244432,0.013340,-0.493829
-0.229316,-0.186487,-0.110194
-0.088915,-0.150621,-0.199639
-0.014955,-0.054697,-0.365973
0.274221,0.143215,0.115929
-0.412555,-0.177537,0.463640
0.217155,0.028255,-0.401732
0.350468,0.197013,0.209287
-0.176726,-0.181296,-0.167652
0.292327,0.093221,-0.004325
0.042161,-0.111648,-0.369634
0.194391,0.104257,-0.507809
0.151840,0.056723,-0.540942
0.269723,0.109031,-0.001132
-0.072438,-0.150619,-0.262194
0.209589,0.041460,-0.654377
-0.143125,-0.164308,-0.153291
0.347819,0.179505,0.231280
0.184947,-0.020698,-0.580291
-0.215106,-0.110253,-0.083267
0.283885,0.442591,0.582791
0.246214,0.119834,-0.050727
0.222774,0.120178,-0.442463
0.217820,0.117293,-0.506340
-0.221309,-0.186914,-0.121249
0.262662,0.107000,-0.633924
-0.221817,-0.160975,-0.172755
0.176562,0.084073,-0.505055
0.291463,0.285246,0.419161
0.250178,0.310077,0.417108
0.309942,0.145807,0.193037
0.238659,0.026557,-0.335566
0.233775,-0.009156,-0.600319
-0.224238,-0.173705,-0.158142
0.333227,0.136549,0.102999
0.309065,0.085499,-0.140316
0.227284,0.121040,-0.473308
0.274409,0.147913,0.130369
-0.268199,-0.162187,-0.107132
-0.020267,-0.086316,-0.368140
0.309371,0.330605,0.443975
-0.137197,-0.101281,-0.166762
-0.248861,-0.175493,-0.125076
0.260300,0.020960,-0.456754
0.085921,-0.096755,-0.395003
0.256380,0.292797,0.341909
0.276590,0.392103,0.432067
0.180064,0.086155,-0.416712
0.212601,0.098281,-0.269056
0.174830,-0.035407,-0.542041
0.345758,0.159786,0.145772
0.314788,0.368731,0.439929
-0.223460,-0.182832,-0.140456
-0.195975,-0.131730,-0.199386
0.282595,0.377244,0.410146
0.257786,0.013214,-0.508967
0.155545,-0.059986,-0.474513
0.326968,0.175232,0.277040
-0.153757,-0.156026,-0.126828
0.129654,0.006189,-0.425960
0.251912,0.422222,0.516464
0.273422,0.137181,0.088730
0.294573,0.065325,-0.385421
0.155286,-0.060189,-0.456333
0.059225,-0.015098,-0.421887
0.352258,0.208889,0.248283
-0.149511,-0.132439,-0.245077
0.314468,0.169963,0.225910
-0.219157,-0.185759,-0.101349
0.192005,-0.024976,-0.483997
0.041945,-0.013879,-0.362670
0.140671,0.025398,-0.571103
0.178026,0.062540,-0.438368
-0.255898,-0.164835,-0.129504
0.191145,0.071203,-0.393618
0.190247,0.099275,-0.534802
0.258952,0.361889,0.405178
-0.084582,-0.074362,-0.228167
0.309345,0.387032,0.458535
-0.375234,-0.157550,0.099145
0.264687,0.143736,0.075474
0.324968,0.132605,-0.072213
-0.168950,-0.173769,-0.196411
0.289717,0.406181,0.457551
-0.292722,-0.148493,-0.077227
0.283803,0.198205,0.162796
0.280872,0.307143,0.336770
-0.353519,-0.105867,0.119478
-0.157726,-0.174914,-0.150053
0.208341,0.090094,-0.294329
-0.209872,-0.180581,-0.093222
0.138823,-0.017000,-0.548206
0.257400,0.020390,-0.482079
-0.384475,-0.133809,0.109807
-0.050139,-0.058630,-0.277714
0.212802,0.034903,-0.373831
-0.177643,-0.175499,-0.186129
0.249818,0.150338,-0.143415
0.048840,-0.050380,-0.426806
-0.076175,-0.066272,-0.271739
0.273956,0.099126,-0.525168
0.226097,0.031428,-0.348095
-0.236423,-0.136936,-0.163728
0.034021,-0.071166,-0.415977
-0.329168,-0.128143,0.188398
-0.402840,-0.184915,0.477506
-0.369502,-0.184705,0.364318
-0.149416,-0.176888,-0.179177
0.240231,0.123863,-0.314265
-0.362501,-0.183836,0.404840
0.236537,0.116228,-0.455008
0.280708,0.074655,-0.487543
0.051426,-0.047738,-0.317275
0.229583,0.120291,-0.488159
-0.413801,-0.128787,0.588230
-0.351503,-0.173366,0.366538
0.320120,0.102220,-0.118306
0.334208,0.246747,0.350483
-0.013391,-0.126726,-0.264380
0.285894,0.072386,-0.449622
-0.201543,-0.181460,-0.103500
0.000405,-0.131322,-0.309679
0.254365,0.129024,0.024507
-0.377972,-0.166879,0.125978
0.256084,0.114352,-0.589308
0.279631,0.087131,-0.074150
-0.150253,-0.175103,-0.198056
-0.038578,-0.082560,-0.236375
0.054029,-0.052525,-0.441712
0.295124,0.180646,0.261573
0.257425,0.375475,0.427688
-0.136721,-0.155562,-0.239314
-0.158181,-0.179029,-0.168851
0.274895,0.314502,0.345796
-0.236991,-0.184943,-0.099342
0.303251,0.158976,-0.099628
-0.401011,-0.130506,0.367188
0.279911,0.046875,-0.314793
0.231027,0.119387,-0.502860
-0.352651,-0.136490,0.025293
-0.341737,-0.177054,0.099037
0.300844,0.158176,-0.126670
-0.192924,-0.157494,-0.198952
-0.383538,-0.168938,0.151503
-0.012643,-0.048656,-0.288807
0.279893,0.030630,-0.382275
0.281095,0.047390,-0.500185
-0.019217,-0.129466,-0.328519
0.250163,0.048767,-0.658930
0.322386,0.170729,0.251433
-0.078733,-0.148295,-0.207822
0.169225,0.036441,-0.639015
-0.001795,-0.076513,-0.384428
0.235592,0.068686,-0.657271
0.141010,0.029800,-0.515754
0.288902,0.130402,0.113690
0.246113,0.351686,0.429662
0.078072,-0.019913,-0.445429
0.276019,0.097654,-0.550876
0.291852,0.073791,-0.334896
0.163354,-0.018089,-0.571541
0.237780,0.022714,-0.651743
-0.177564,-0.141217,-0.219279
-0.417571,-0.164902,0.476674
0.263086,0.247690,0.364562
-0.159039,-0.135558,-0.236744
-0.166966,-0.180380,-0.158582
-0.217744,-0.154594,-0.055015
0.252732,0.151984,0.008534
0.265919,0.330019,0.364787
0.266202,0.150935,0.100931
-0.011001,-0.115631,-0.257274
0.098124,0.000497,-0.448435
0.238602,0.112945,-0.375202
-0.032716,-0.094330,-0.233967
-0.166748,-0.169220,-0.122775
0.069127,-0.103921,-0.376383
0.318602,0.139436,-0.127305
0.280728,0.203616,0.265773
0.259998,0.019999,-0.364972
0.266475,0.022366,-0.393224
0.275752,0.037136,-0.486115
0.335368,0.202062,0.166733
-0.239239,-0.123268,-0.150046
0.282309,0.086774,-0.562696
0.298356,0.155898,-0.140018
0.215626,0.039260,-0.348179
-0.254255,-0.122610,-0.128682
0.352061,0.219071,0.272547
0.323025,0.126997,-0.125984
-0.337084,-0.174285,0.045884
-0.084453,-0.156197,-0.216916
0.287721,0.185174,0.236332
-0.212683,-0.122951,-0.177660
0.290575,0.191771,0.087263
-0.423075,-0.148533,0.601753
-0.091812,-0.160389,-0.227869
0.269518,0.023096,-0.380094
0.224115,-0.017159,-0.577146
-0.270939,-0.136370,-0.110122
-0.420514,-0.163471,0.500660
0.263345,0.337996,0.374827
0.312386,0.100286,-0.078794
-0.186806,-0.143513,-0.210311
-0.246854,-0.181378,-0.107197
0.304286,0.175376,0.011619
-0.186515,-0.167958,-0.193435
-0.140812,-0.173980,-0.188909
-0.001402,-0.112354,-0.265515
-0.372050,-0.105703,0.205589
0.130542,-0.069998,-0.464389
-0.153906,-0.148080,-0.235702
0.108730,0.013141,-0.446439
0.220184,0.093385,-0.655148
0.276690,0.085640,-0.472891
0.310703,0.368804,0.472201
-0.000727,-0.039977,-0.364645
0.278057,0.087951,-0.512018
-0.009580,-0.131830,-0.282110
0.285581,0.074922,-0.575259
-0.379237,-0.110910,0.125467
-0.074614,-0.153320,-0.225235
-0.021894,-0.103854,-0.358707
0.179075,0.031245,-0.469636
0.248237,0.396688,0.498704
-0.028177,-0.137848,-0.264468
0.264208,0.123548,0.038311
0.247756,0.144121,-0.041350
-0.018001,-0.136200,-0.291881
0.275663,0.097234,-0.590334
-0.254823,-0.113903,-0.112080
0.338842,0.208319,0.191690
-0.317937,-0.115070,-0.015579
0.257314,0.093495,-0.085672
0.269738,0.097822,-0.483493
-0.362518,-0.105730,0.143996
0.247294,0.081718,-0.156762
-0.085188,-0.140203,-0.192872
-0.205344,-0.180022,-0.159269
0.340578,0.216033,0.216274
0.008189,-0.096177,-0.267996
0.294986,0.290052,0.322928
-0.205500,-0.145830,-0.192580
0.306576,0.395551,0.467952
-0.121718,-0.169333,-0.205746
0.267419,0.025508,-0.497059
0.276273,0.119702,0.052027
-0.423657,-0.150197,0.537359
0.283595,0.042881,-0.525856
0.305174,0.126644,-0.173776
-0.183420,-0.156187,-0.208544
-0.406138,-0.129586,0.499235
0.024413,-0.024439,-0.345711
0.303639,0.084751,-0.112448
-0.337163,-0.125522,0.003223
0.260459,0.353868,0.395038
0.060285,-0.104818,-0.385711
0.276893,0.087810,-0.498903
0.328586,0.148661,-0.023280
0.301770,0.111651,0.052733
0.274451,0.219632,0.337966
0.231882,0.118920,-0.516673
0.149695,-0.040755,-0.524774
-0.029463,-0.107491,-0.235307
0.139096,-0.068391,-0.437387
0.077693,-0.100403,-0.385807
0.286353,0.358728,0.391970
-0.278823,-0.148767,-0.099783
0.325278,0.116845,-0.110262
0.257068,0.113741,-0.565075
0.067782,-0.101557,-0.357891
0.302370,0.158902,-0.112867
0.282615,0.031710,-0.368503
-0.361774,-0.154758,0.775015
0.260948,0.166528,0.031232
0.239028,0.108747,-0.418926
-0.012901,-0.114661,-0.354295
-0.240662,-0.111087,-0.134873
-0.162817,-0.157598,-0.117110
-0.268587,-0.177513,-0.074864
0.044648,-0.095546,-0.306762
0.260697,0.116166,0.013167
0.233028,0.126406,-0.238784
-0.018771,-0.134971,-0.310559
0.321593,0.110612,-0.134977
0.275241,0.446523,0.563953
-0.401697,-0.134909,0.201528
-0.140607,-0.172413,-0.207188
-0.374660,-0.175720,0.751610
-0.063772,-0.117991,-0.315580
0.291482,0.232846,0.370897
-0.201936,-0.185413,-0.122141
0.008996,-0.126624,-0.299237
-0.000135,-0.129912,-0.328960
0.066374,-0.056306,-0.325172
0.342368,0.248690,0.315895
-0.160145,-0.122388,-0.233882
-0.135011,-0.141530,-0.251942
0.048409,-0.064027,-0.307507
0.313004,0.151185,-0.113581
0.299232,0.116281,-0.223744
-0.169398,-0.125069,-0.225326
-0.201874,-0.158106,-0.189575
-0.195636,-0.178440,-0.167450
0.308763,0.386497,0.490782
0.314722,0.297974,0.340473
0.207659,-0.017969,-0.586131
-0.345442,-0.159910,0.342986
-0.048338,-0.113263,-0.218961
0.279713,0.199595,0.293831
0.254109,0.148352,-0.171330
0.139877,-0.031469,-0.402934
-0.384392,-0.170170,0.164525
-0.378619,-0.107614,0.166841
0.160267,0.067778,-0.541114
0.268986,0.428863,0.534717
0.279591,0.099417,0.009465
0.241740,0.140131,-0.180216
-0.380144,-0.187121,0.478676
0.108106,-0.031528,-0.498071
-0.349723,-0.166318,0.430186
0.313351,0.150730,-0.087370
0.305905,0.199878,0.121118
0.219020,0.080510,-0.252550
0.290367,0.081852,-0.312693
-0.167508,-0.164486,-0.213599
0.286808,0.142693,-0.189378
0.296234,0.052701,-0.371893
-0.253020,-0.173327,-0.034787
-0.001734,-0.099640,-0.260541
0.035950,-0.099267,-0.297898
-0.141138,-0.171796,-0.170417
-0.105036,-0.089889,-0.274970
-0.350904,-0.128103,0.334050
0.017599,-0.041331,-0.389006
